  0.103573E-04  0.195136E+08  0.195136E+08  0.260037E+08  0.260037E+08  0.000000E+00  0.195136E+08
  0.105665E-04  0.195136E+08  0.195136E+08  0.260031E+08  0.260031E+08  0.000000E+00  0.195136E+08
  0.107800E-04  0.195136E+08  0.195136E+08  0.260025E+08  0.260024E+08  0.000000E+00  0.195136E+08
  0.109978E-04  0.195136E+08  0.195136E+08  0.260018E+08  0.260018E+08  0.000000E+00  0.195136E+08
  0.112199E-04  0.195136E+08  0.195136E+08  0.260011E+08  0.260011E+08  0.000000E+00  0.195136E+08
  0.114466E-04  0.195136E+08  0.195136E+08  0.260005E+08  0.260004E+08  0.000000E+00  0.195136E+08
  0.116778E-04  0.195136E+08  0.195136E+08  0.259997E+08  0.259997E+08  0.000000E+00  0.195136E+08
  0.119137E-04  0.195136E+08  0.195136E+08  0.259990E+08  0.259989E+08  0.000000E+00  0.195136E+08
  0.121544E-04  0.195136E+08  0.195136E+08  0.259982E+08  0.259982E+08  0.000000E+00  0.195136E+08
  0.123999E-04  0.195136E+08  0.195136E+08  0.259974E+08  0.259973E+08  0.000000E+00  0.195136E+08
  0.126504E-04  0.195136E+08  0.195136E+08  0.259965E+08  0.259965E+08  0.000000E+00  0.195136E+08
  0.129060E-04  0.195136E+08  0.195136E+08  0.259956E+08  0.259956E+08  0.000000E+00  0.195136E+08
  0.131667E-04  0.195136E+08  0.195136E+08  0.259947E+08  0.259947E+08  0.000000E+00  0.195136E+08
  0.134327E-04  0.195136E+08  0.195136E+08  0.259938E+08  0.259937E+08  0.000000E+00  0.195136E+08
  0.137041E-04  0.195136E+08  0.195136E+08  0.259928E+08  0.259927E+08  0.000000E+00  0.195136E+08
  0.139809E-04  0.195136E+08  0.195136E+08  0.259917E+08  0.259917E+08  0.000000E+00  0.195136E+08
  0.142633E-04  0.195136E+08  0.195136E+08  0.259906E+08  0.259906E+08  0.000000E+00  0.195136E+08
  0.145515E-04  0.195136E+08  0.195136E+08  0.259895E+08  0.259895E+08  0.000000E+00  0.195136E+08
  0.148454E-04  0.195136E+08  0.195136E+08  0.259883E+08  0.259883E+08  0.000000E+00  0.195136E+08
  0.151453E-04  0.195136E+08  0.195136E+08  0.259871E+08  0.259871E+08  0.000000E+00  0.195136E+08
  0.154513E-04  0.195136E+08  0.195136E+08  0.259858E+08  0.259858E+08  0.000000E+00  0.195136E+08
  0.157634E-04  0.195136E+08  0.195136E+08  0.259845E+08  0.259845E+08  0.000000E+00  0.195136E+08
  0.160819E-04  0.195136E+08  0.195136E+08  0.259831E+08  0.259831E+08  0.000000E+00  0.195136E+08
  0.164067E-04  0.195136E+08  0.195136E+08  0.259817E+08  0.259817E+08  0.000000E+00  0.195136E+08
  0.167382E-04  0.195136E+08  0.195136E+08  0.259802E+08  0.259802E+08  0.000000E+00  0.195136E+08
  0.170763E-04  0.195136E+08  0.195136E+08  0.259787E+08  0.259786E+08  0.000000E+00  0.195136E+08
  0.174213E-04  0.195136E+08  0.195136E+08  0.259771E+08  0.259770E+08  0.000000E+00  0.195136E+08
  0.177732E-04  0.195136E+08  0.195136E+08  0.259754E+08  0.259753E+08  0.000000E+00  0.195136E+08
  0.181323E-04  0.195136E+08  0.195136E+08  0.259736E+08  0.259736E+08  0.000000E+00  0.195136E+08
  0.184986E-04  0.195136E+08  0.195136E+08  0.259718E+08  0.259718E+08  0.000000E+00  0.195136E+08
  0.188722E-04  0.195136E+08  0.195136E+08  0.259699E+08  0.259699E+08  0.000000E+00  0.195136E+08
  0.192535E-04  0.195136E+08  0.195136E+08  0.259680E+08  0.259679E+08  0.000000E+00  0.195136E+08
  0.196424E-04  0.195136E+08  0.195136E+08  0.259659E+08  0.259658E+08  0.000000E+00  0.195136E+08
  0.200392E-04  0.195136E+08  0.195136E+08  0.259638E+08  0.259637E+08  0.000000E+00  0.195136E+08
  0.204441E-04  0.195136E+08  0.195136E+08  0.259616E+08  0.259615E+08  0.000000E+00  0.195136E+08
  0.208571E-04  0.195136E+08  0.195136E+08  0.259592E+08  0.259592E+08  0.000000E+00  0.195136E+08
  0.212784E-04  0.195136E+08  0.195136E+08  0.259568E+08  0.259567E+08  0.000000E+00  0.195136E+08
  0.217082E-04  0.195136E+08  0.195136E+08  0.259543E+08  0.259542E+08  0.000000E+00  0.195136E+08
  0.221468E-04  0.195135E+08  0.195135E+08  0.259517E+08  0.259516E+08  0.000000E+00  0.195135E+08
  0.225942E-04  0.195135E+08  0.195135E+08  0.259490E+08  0.259489E+08  0.000000E+00  0.195135E+08
  0.230506E-04  0.195135E+08  0.195135E+08  0.259462E+08  0.259461E+08  0.000000E+00  0.195135E+08
  0.235163E-04  0.195135E+08  0.195135E+08  0.259433E+08  0.259432E+08  0.000000E+00  0.195135E+08
  0.239913E-04  0.195135E+08  0.195135E+08  0.259402E+08  0.259401E+08  0.000000E+00  0.195135E+08
  0.244760E-04  0.195135E+08  0.195135E+08  0.259370E+08  0.259369E+08  0.000000E+00  0.195135E+08
  0.249704E-04  0.195135E+08  0.195135E+08  0.259337E+08  0.259336E+08  0.000000E+00  0.195135E+08
  0.254749E-04  0.195135E+08  0.195135E+08  0.259303E+08  0.259301E+08  0.000000E+00  0.195135E+08
  0.259895E-04  0.195135E+08  0.195135E+08  0.259267E+08  0.259266E+08  0.000000E+00  0.195135E+08
  0.265145E-04  0.195135E+08  0.195135E+08  0.259230E+08  0.259228E+08  0.000000E+00  0.195135E+08
  0.270501E-04  0.195135E+08  0.195135E+08  0.259191E+08  0.259189E+08  0.000000E+00  0.195135E+08
  0.275966E-04  0.195135E+08  0.195135E+08  0.259150E+08  0.259149E+08  0.000000E+00  0.195135E+08
  0.281541E-04  0.195135E+08  0.195135E+08  0.259108E+08  0.259107E+08  0.000000E+00  0.195135E+08
  0.287228E-04  0.195135E+08  0.195135E+08  0.259065E+08  0.259063E+08  0.000000E+00  0.195135E+08
  0.293031E-04  0.195134E+08  0.195134E+08  0.259019E+08  0.259017E+08  0.000000E+00  0.195134E+08
  0.298950E-04  0.195134E+08  0.195134E+08  0.258972E+08  0.258970E+08  0.000000E+00  0.195134E+08
  0.304990E-04  0.195134E+08  0.195134E+08  0.258922E+08  0.258921E+08  0.000000E+00  0.195134E+08
  0.311151E-04  0.195134E+08  0.195134E+08  0.258871E+08  0.258869E+08  0.000000E+00  0.195134E+08
  0.317436E-04  0.195134E+08  0.195134E+08  0.258818E+08  0.258816E+08  0.000000E+00  0.195134E+08
  0.323849E-04  0.195134E+08  0.195134E+08  0.258762E+08  0.258760E+08  0.000000E+00  0.195134E+08
  0.330391E-04  0.195134E+08  0.195134E+08  0.258704E+08  0.258702E+08  0.000000E+00  0.195134E+08
  0.337066E-04  0.195134E+08  0.195134E+08  0.258644E+08  0.258642E+08  0.000000E+00  0.195134E+08
  0.343875E-04  0.195134E+08  0.195134E+08  0.258582E+08  0.258579E+08  0.000000E+00  0.195134E+08
  0.350822E-04  0.195134E+08  0.195134E+08  0.258517E+08  0.258514E+08  0.000000E+00  0.195134E+08
  0.357909E-04  0.195133E+08  0.195133E+08  0.258449E+08  0.258446E+08  0.000000E+00  0.195133E+08
  0.365139E-04  0.195133E+08  0.195133E+08  0.258378E+08  0.258376E+08  0.000000E+00  0.195133E+08
  0.372515E-04  0.195133E+08  0.195133E+08  0.258305E+08  0.258302E+08  0.000000E+00  0.195133E+08
  0.380040E-04  0.195133E+08  0.195133E+08  0.258229E+08  0.258226E+08  0.000000E+00  0.195133E+08
  0.387718E-04  0.195133E+08  0.195133E+08  0.258149E+08  0.258146E+08  0.000000E+00  0.195133E+08
  0.395550E-04  0.195133E+08  0.195133E+08  0.258066E+08  0.258063E+08  0.000000E+00  0.195133E+08
  0.403541E-04  0.195132E+08  0.195132E+08  0.257980E+08  0.257977E+08  0.000000E+00  0.195132E+08
  0.411693E-04  0.195132E+08  0.195132E+08  0.257891E+08  0.257887E+08  0.000000E+00  0.195132E+08
  0.420010E-04  0.195132E+08  0.195132E+08  0.257798E+08  0.257794E+08  0.000000E+00  0.195132E+08
  0.428494E-04  0.195132E+08  0.195132E+08  0.257701E+08  0.257697E+08  0.000000E+00  0.195132E+08
  0.437151E-04  0.195132E+08  0.195132E+08  0.257600E+08  0.257596E+08  0.000000E+00  0.195132E+08
  0.445982E-04  0.195132E+08  0.195132E+08  0.257495E+08  0.257491E+08  0.000000E+00  0.195132E+08
  0.454991E-04  0.195131E+08  0.195131E+08  0.257386E+08  0.257382E+08  0.000000E+00  0.195131E+08
  0.464182E-04  0.195131E+08  0.195131E+08  0.257273E+08  0.257268E+08  0.000000E+00  0.195131E+08
  0.473559E-04  0.195131E+08  0.195131E+08  0.257154E+08  0.257150E+08  0.000000E+00  0.195131E+08
  0.483126E-04  0.195131E+08  0.195131E+08  0.257032E+08  0.257027E+08  0.000000E+00  0.195131E+08
  0.492886E-04  0.195130E+08  0.195130E+08  0.256904E+08  0.256899E+08  0.000000E+00  0.195130E+08
  0.502843E-04  0.195130E+08  0.195130E+08  0.256771E+08  0.256766E+08  0.000000E+00  0.195130E+08
  0.513001E-04  0.195130E+08  0.195130E+08  0.256632E+08  0.256627E+08  0.000000E+00  0.195130E+08
  0.523364E-04  0.195130E+08  0.195130E+08  0.256488E+08  0.256483E+08  0.000000E+00  0.195130E+08
  0.533937E-04  0.195129E+08  0.195129E+08  0.256339E+08  0.256333E+08  0.000000E+00  0.195129E+08
  0.544723E-04  0.195129E+08  0.195129E+08  0.256183E+08  0.256177E+08  0.000000E+00  0.195129E+08
  0.555727E-04  0.195129E+08  0.195129E+08  0.256021E+08  0.256015E+08  0.000000E+00  0.195129E+08
  0.566954E-04  0.195128E+08  0.195128E+08  0.255852E+08  0.255846E+08  0.000000E+00  0.195128E+08
  0.578407E-04  0.195128E+08  0.195128E+08  0.255677E+08  0.255670E+08  0.000000E+00  0.195128E+08
  0.590091E-04  0.195128E+08  0.195128E+08  0.255495E+08  0.255488E+08  0.000000E+00  0.195128E+08
  0.602012E-04  0.195127E+08  0.195127E+08  0.255305E+08  0.255298E+08  0.000000E+00  0.195127E+08
  0.614173E-04  0.195127E+08  0.195127E+08  0.255108E+08  0.255100E+08  0.000000E+00  0.195127E+08
  0.626581E-04  0.195127E+08  0.195127E+08  0.254903E+08  0.254895E+08  0.000000E+00  0.195127E+08
  0.639238E-04  0.195126E+08  0.195126E+08  0.254689E+08  0.254681E+08  0.000000E+00  0.195126E+08
  0.652152E-04  0.195126E+08  0.195126E+08  0.254467E+08  0.254459E+08  0.000000E+00  0.195126E+08
  0.665326E-04  0.195125E+08  0.195125E+08  0.254236E+08  0.254228E+08  0.000000E+00  0.195125E+08
  0.678767E-04  0.195125E+08  0.195125E+08  0.253996E+08  0.253987E+08  0.000000E+00  0.195125E+08
  0.692479E-04  0.195124E+08  0.195124E+08  0.253747E+08  0.253737E+08  0.000000E+00  0.195124E+08
  0.706468E-04  0.195124E+08  0.195124E+08  0.253487E+08  0.253478E+08  0.000000E+00  0.195124E+08
  0.720739E-04  0.195123E+08  0.195123E+08  0.253218E+08  0.253207E+08  0.000000E+00  0.195123E+08
  0.735299E-04  0.195123E+08  0.195123E+08  0.252937E+08  0.252926E+08  0.000000E+00  0.195123E+08
  0.750153E-04  0.195122E+08  0.195122E+08  0.252645E+08  0.252634E+08  0.000000E+00  0.195122E+08
  0.765307E-04  0.195122E+08  0.195122E+08  0.252342E+08  0.252330E+08  0.000000E+00  0.195122E+08
  0.780768E-04  0.195121E+08  0.195121E+08  0.252026E+08  0.252015E+08  0.000000E+00  0.195121E+08
  0.796540E-04  0.195120E+08  0.195120E+08  0.251699E+08  0.251686E+08  0.000000E+00  0.195120E+08
  0.812631E-04  0.195120E+08  0.195120E+08  0.251358E+08  0.251345E+08  0.000000E+00  0.195120E+08
  0.829047E-04  0.195119E+08  0.195119E+08  0.251003E+08  0.250990E+08  0.000000E+00  0.195119E+08
  0.845795E-04  0.195118E+08  0.195118E+08  0.250635E+08  0.250621E+08  0.000000E+00  0.195118E+08
  0.862882E-04  0.195117E+08  0.195117E+08  0.250252E+08  0.250238E+08  0.000000E+00  0.195117E+08
  0.880313E-04  0.195117E+08  0.195117E+08  0.249855E+08  0.249840E+08  0.000000E+00  0.195117E+08
  0.898097E-04  0.195116E+08  0.195116E+08  0.249441E+08  0.249426E+08  0.000000E+00  0.195116E+08
  0.916239E-04  0.195115E+08  0.195115E+08  0.249012E+08  0.248995E+08  0.000000E+00  0.195115E+08
  0.934748E-04  0.195114E+08  0.195114E+08  0.248565E+08  0.248548E+08  0.000000E+00  0.195114E+08
  0.953632E-04  0.195113E+08  0.195113E+08  0.248101E+08  0.248084E+08  0.000000E+00  0.195113E+08
  0.972896E-04  0.195112E+08  0.195112E+08  0.247619E+08  0.247601E+08  0.000000E+00  0.195112E+08
  0.992550E-04  0.195111E+08  0.195111E+08  0.247118E+08  0.247100E+08  0.000000E+00  0.195111E+08
  0.101260E-03  0.195110E+08  0.195110E+08  0.246598E+08  0.246579E+08  0.000000E+00  0.195110E+08
  0.103306E-03  0.195109E+08  0.195109E+08  0.246058E+08  0.246038E+08  0.000000E+00  0.195109E+08
  0.105393E-03  0.195108E+08  0.195108E+08  0.245496E+08  0.245475E+08  0.000000E+00  0.195108E+08
  0.107522E-03  0.195107E+08  0.195107E+08  0.244913E+08  0.244892E+08  0.000000E+00  0.195107E+08
  0.109694E-03  0.195106E+08  0.195105E+08  0.244308E+08  0.244285E+08  0.000000E+00  0.195106E+08
  0.111910E-03  0.195104E+08  0.195104E+08  0.243679E+08  0.243656E+08  0.000000E+00  0.195104E+08
  0.114170E-03  0.195103E+08  0.195103E+08  0.243026E+08  0.243002E+08  0.000000E+00  0.195103E+08
  0.116477E-03  0.195102E+08  0.195102E+08  0.242348E+08  0.242324E+08  0.000000E+00  0.195102E+08
  0.118830E-03  0.195100E+08  0.195100E+08  0.241645E+08  0.241619E+08  0.000000E+00  0.195100E+08
  0.121230E-03  0.195099E+08  0.195099E+08  0.240915E+08  0.240888E+08  0.000000E+00  0.195099E+08
  0.123679E-03  0.195097E+08  0.195097E+08  0.240157E+08  0.240129E+08  0.000000E+00  0.195097E+08
  0.126178E-03  0.195095E+08  0.195095E+08  0.239370E+08  0.239341E+08  0.000000E+00  0.195095E+08
  0.128727E-03  0.195094E+08  0.195094E+08  0.238554E+08  0.238524E+08  0.000000E+00  0.195094E+08
  0.131327E-03  0.195092E+08  0.195092E+08  0.237707E+08  0.237676E+08  0.000000E+00  0.195092E+08
  0.133980E-03  0.195090E+08  0.195090E+08  0.236828E+08  0.236797E+08  0.000000E+00  0.195090E+08
  0.136687E-03  0.195088E+08  0.195088E+08  0.235917E+08  0.235884E+08  0.000000E+00  0.195088E+08
  0.139448E-03  0.195086E+08  0.195086E+08  0.234972E+08  0.234938E+08  0.000000E+00  0.195086E+08
  0.142265E-03  0.195084E+08  0.195084E+08  0.233992E+08  0.233957E+08  0.000000E+00  0.195084E+08
  0.145139E-03  0.195082E+08  0.195082E+08  0.232976E+08  0.232940E+08  0.000000E+00  0.195082E+08
  0.148071E-03  0.195080E+08  0.195080E+08  0.231923E+08  0.231886E+08  0.000000E+00  0.195080E+08
  0.151062E-03  0.195078E+08  0.195078E+08  0.230832E+08  0.230793E+08  0.000000E+00  0.195078E+08
  0.154114E-03  0.195075E+08  0.195075E+08  0.229700E+08  0.229661E+08  0.000000E+00  0.195075E+08
  0.157227E-03  0.195073E+08  0.195073E+08  0.228529E+08  0.228488E+08  0.000000E+00  0.195073E+08
  0.160403E-03  0.195070E+08  0.195070E+08  0.227315E+08  0.227273E+08  0.000000E+00  0.195070E+08
  0.163644E-03  0.195068E+08  0.195068E+08  0.226058E+08  0.226014E+08  0.000000E+00  0.195068E+08
  0.166950E-03  0.195065E+08  0.195065E+08  0.224756E+08  0.224711E+08  0.000000E+00  0.195065E+08
  0.170322E-03  0.195062E+08  0.195062E+08  0.223408E+08  0.223362E+08  0.000000E+00  0.195062E+08
  0.173763E-03  0.195059E+08  0.195059E+08  0.222013E+08  0.221966E+08  0.000000E+00  0.195059E+08
  0.177273E-03  0.195056E+08  0.195056E+08  0.220570E+08  0.220522E+08  0.000000E+00  0.195056E+08
  0.180854E-03  0.195052E+08  0.195052E+08  0.219077E+08  0.219027E+08  0.000000E+00  0.195052E+08
  0.184508E-03  0.195049E+08  0.195049E+08  0.217533E+08  0.217482E+08  0.000000E+00  0.195049E+08
  0.188235E-03  0.195045E+08  0.195045E+08  0.215936E+08  0.215884E+08  0.000000E+00  0.195045E+08
  0.192038E-03  0.195042E+08  0.195042E+08  0.214286E+08  0.214232E+08  0.000000E+00  0.195042E+08
  0.195917E-03  0.195038E+08  0.195038E+08  0.212581E+08  0.212525E+08  0.000000E+00  0.195038E+08
  0.199875E-03  0.195034E+08  0.195034E+08  0.210819E+08  0.210762E+08  0.000000E+00  0.195034E+08
  0.203913E-03  0.195030E+08  0.195030E+08  0.208999E+08  0.208941E+08  0.000000E+00  0.195030E+08
  0.208032E-03  0.195025E+08  0.195025E+08  0.207121E+08  0.207062E+08  0.000000E+00  0.195025E+08
  0.212235E-03  0.195021E+08  0.195021E+08  0.205182E+08  0.205121E+08  0.000000E+00  0.195021E+08
  0.216522E-03  0.195016E+08  0.195016E+08  0.203181E+08  0.203120E+08  0.000000E+00  0.195016E+08
  0.220896E-03  0.195012E+08  0.195011E+08  0.201119E+08  0.201056E+08  0.000000E+00  0.195012E+08
  0.225358E-03  0.195006E+08  0.195006E+08  0.198992E+08  0.198928E+08  0.000000E+00  0.195006E+08
  0.229911E-03  0.195001E+08  0.195001E+08  0.196800E+08  0.196735E+08  0.000000E+00  0.195001E+08
  0.234556E-03  0.194996E+08  0.194996E+08  0.194543E+08  0.194477E+08  0.000000E+00  0.194996E+08
  0.239294E-03  0.194990E+08  0.194990E+08  0.192218E+08  0.192152E+08  0.000000E+00  0.194990E+08
  0.244128E-03  0.194984E+08  0.194984E+08  0.189826E+08  0.189759E+08  0.000000E+00  0.194984E+08
  0.249060E-03  0.194978E+08  0.194978E+08  0.187366E+08  0.187297E+08  0.000000E+00  0.194978E+08
  0.254091E-03  0.194972E+08  0.194972E+08  0.184836E+08  0.184767E+08  0.000000E+00  0.194972E+08
  0.259224E-03  0.194965E+08  0.194965E+08  0.182236E+08  0.182167E+08  0.000000E+00  0.194965E+08
  0.264461E-03  0.194958E+08  0.194958E+08  0.179566E+08  0.179496E+08  0.000000E+00  0.194958E+08
  0.269803E-03  0.194951E+08  0.194951E+08  0.176825E+08  0.176755E+08  0.000000E+00  0.194951E+08
  0.275253E-03  0.194944E+08  0.194944E+08  0.174014E+08  0.173944E+08  0.000000E+00  0.194944E+08
  0.280814E-03  0.194936E+08  0.194936E+08  0.171131E+08  0.171061E+08  0.000000E+00  0.194936E+08
  0.286487E-03  0.194928E+08  0.194928E+08  0.168178E+08  0.168108E+08  0.000000E+00  0.194928E+08
  0.292274E-03  0.194920E+08  0.194920E+08  0.165154E+08  0.165085E+08  0.000000E+00  0.194920E+08
  0.298179E-03  0.194911E+08  0.194911E+08  0.162061E+08  0.161992E+08  0.000000E+00  0.194911E+08
  0.304202E-03  0.194902E+08  0.194902E+08  0.158898E+08  0.158831E+08  0.000000E+00  0.194902E+08
  0.310347E-03  0.194893E+08  0.194893E+08  0.155667E+08  0.155601E+08  0.000000E+00  0.194893E+08
  0.316617E-03  0.194883E+08  0.194883E+08  0.152369E+08  0.152304E+08  0.000000E+00  0.194883E+08
  0.323013E-03  0.194873E+08  0.194873E+08  0.149005E+08  0.148943E+08  0.000000E+00  0.194873E+08
  0.329538E-03  0.194863E+08  0.194863E+08  0.145578E+08  0.145518E+08  0.000000E+00  0.194863E+08
  0.336195E-03  0.194852E+08  0.194852E+08  0.142089E+08  0.142031E+08  0.000000E+00  0.194852E+08
  0.342987E-03  0.194841E+08  0.194841E+08  0.138540E+08  0.138486E+08  0.000000E+00  0.194841E+08
  0.349916E-03  0.194829E+08  0.194829E+08  0.134935E+08  0.134884E+08  0.000000E+00  0.194829E+08
  0.356984E-03  0.194817E+08  0.194817E+08  0.131276E+08  0.131229E+08  0.000000E+00  0.194817E+08
  0.364196E-03  0.194805E+08  0.194805E+08  0.127566E+08  0.127524E+08  0.000000E+00  0.194805E+08
  0.371553E-03  0.194792E+08  0.194792E+08  0.123810E+08  0.123773E+08  0.000000E+00  0.194792E+08
  0.379059E-03  0.194778E+08  0.194778E+08  0.120012E+08  0.119980E+08  0.000000E+00  0.194778E+08
  0.386717E-03  0.194764E+08  0.194764E+08  0.116175E+08  0.116150E+08  0.000000E+00  0.194764E+08
  0.394529E-03  0.194750E+08  0.194750E+08  0.112306E+08  0.112287E+08  0.000000E+00  0.194750E+08
  0.402499E-03  0.194735E+08  0.194734E+08  0.108408E+08  0.108397E+08  0.000000E+00  0.194735E+08
  0.410630E-03  0.194719E+08  0.194719E+08  0.104489E+08  0.104486E+08  0.000000E+00  0.194719E+08
  0.418925E-03  0.194703E+08  0.194703E+08  0.100554E+08  0.100559E+08  0.000000E+00  0.194703E+08
  0.427388E-03  0.194686E+08  0.194686E+08  0.966091E+07  0.966238E+07  0.000000E+00  0.194686E+08
  0.436022E-03  0.194669E+08  0.194668E+08  0.926619E+07  0.926868E+07  0.000000E+00  0.194669E+08
  0.444830E-03  0.194651E+08  0.194650E+08  0.887194E+07  0.887552E+07  0.000000E+00  0.194650E+08
  0.453816E-03  0.194632E+08  0.194632E+08  0.847894E+07  0.848368E+07  0.000000E+00  0.194632E+08
  0.462984E-03  0.194612E+08  0.194612E+08  0.808798E+07  0.809396E+07  0.000000E+00  0.194612E+08
  0.472337E-03  0.194592E+08  0.194592E+08  0.769990E+07  0.770720E+07  0.000000E+00  0.194592E+08
  0.481879E-03  0.194572E+08  0.194571E+08  0.731556E+07  0.732425E+07  0.000000E+00  0.194571E+08
  0.491613E-03  0.194550E+08  0.194550E+08  0.693583E+07  0.694600E+07  0.000000E+00  0.194550E+08
  0.501545E-03  0.194528E+08  0.194527E+08  0.656163E+07  0.657336E+07  0.000000E+00  0.194528E+08
  0.511676E-03  0.194504E+08  0.194504E+08  0.619388E+07  0.620724E+07  0.000000E+00  0.194504E+08
  0.522013E-03  0.194481E+08  0.194480E+08  0.583351E+07  0.584857E+07  0.000000E+00  0.194480E+08
  0.532558E-03  0.194456E+08  0.194455E+08  0.548143E+07  0.549827E+07  0.000000E+00  0.194456E+08
  0.543317E-03  0.194430E+08  0.194430E+08  0.513858E+07  0.515726E+07  0.000000E+00  0.194430E+08
  0.554292E-03  0.194404E+08  0.194403E+08  0.480587E+07  0.482645E+07  0.000000E+00  0.194403E+08
  0.565490E-03  0.194376E+08  0.194376E+08  0.448417E+07  0.450672E+07  0.000000E+00  0.194376E+08
  0.576914E-03  0.194348E+08  0.194347E+08  0.417434E+07  0.419890E+07  0.000000E+00  0.194348E+08
  0.588568E-03  0.194318E+08  0.194318E+08  0.387719E+07  0.390381E+07  0.000000E+00  0.194318E+08
  0.600458E-03  0.194288E+08  0.194287E+08  0.359347E+07  0.362218E+07  0.000000E+00  0.194288E+08
  0.612588E-03  0.194256E+08  0.194256E+08  0.332387E+07  0.335470E+07  0.000000E+00  0.194256E+08
  0.624963E-03  0.194224E+08  0.194223E+08  0.306899E+07  0.310196E+07  0.000000E+00  0.194224E+08
  0.637588E-03  0.194190E+08  0.194190E+08  0.282937E+07  0.286447E+07  0.000000E+00  0.194190E+08
  0.650468E-03  0.194155E+08  0.194155E+08  0.260542E+07  0.264264E+07  0.000000E+00  0.194155E+08
  0.663608E-03  0.194120E+08  0.194119E+08  0.239744E+07  0.243676E+07  0.000000E+00  0.194119E+08
  0.677014E-03  0.194082E+08  0.194082E+08  0.220564E+07  0.224701E+07  0.000000E+00  0.194082E+08
  0.690691E-03  0.194044E+08  0.194044E+08  0.203006E+07  0.207343E+07  0.000000E+00  0.194044E+08
  0.704644E-03  0.194005E+08  0.194004E+08  0.187062E+07  0.191592E+07  0.000000E+00  0.194004E+08
  0.718879E-03  0.193964E+08  0.193963E+08  0.172709E+07  0.177423E+07  0.000000E+00  0.193964E+08
  0.733401E-03  0.193922E+08  0.193921E+08  0.159910E+07  0.164798E+07  0.000000E+00  0.193921E+08
  0.748217E-03  0.193878E+08  0.193877E+08  0.148610E+07  0.153659E+07  0.000000E+00  0.193878E+08
  0.763332E-03  0.193833E+08  0.193832E+08  0.138741E+07  0.143938E+07  0.000000E+00  0.193833E+08
  0.778752E-03  0.193787E+08  0.193786E+08  0.130220E+07  0.135549E+07  0.000000E+00  0.193787E+08
  0.794484E-03  0.193739E+08  0.193738E+08  0.122948E+07  0.128392E+07  0.000000E+00  0.193739E+08
  0.810533E-03  0.193690E+08  0.193689E+08  0.116814E+07  0.122355E+07  0.000000E+00  0.193690E+08
  0.826907E-03  0.193639E+08  0.193638E+08  0.111696E+07  0.117313E+07  0.000000E+00  0.193639E+08
  0.843612E-03  0.193586E+08  0.193585E+08  0.107459E+07  0.113133E+07  0.000000E+00  0.193586E+08
  0.860654E-03  0.193532E+08  0.193531E+08  0.103963E+07  0.109673E+07  0.000000E+00  0.193532E+08
  0.878040E-03  0.193476E+08  0.193475E+08  0.101062E+07  0.106785E+07  0.000000E+00  0.193476E+08
  0.895778E-03  0.193419E+08  0.193418E+08  0.986063E+06  0.104322E+07  0.000000E+00  0.193419E+08
  0.913874E-03  0.193360E+08  0.193359E+08  0.964496E+06  0.102136E+07  0.000000E+00  0.193360E+08
  0.932335E-03  0.193299E+08  0.193298E+08  0.944483E+06  0.100084E+07  0.000000E+00  0.193299E+08
  0.951170E-03  0.193236E+08  0.193235E+08  0.924673E+06  0.980320E+06  0.000000E+00  0.193236E+08
  0.970384E-03  0.193171E+08  0.193170E+08  0.903834E+06  0.958584E+06  0.000000E+00  0.193171E+08
  0.989988E-03  0.193105E+08  0.193103E+08  0.880885E+06  0.934567E+06  0.000000E+00  0.193104E+08
  0.100999E-02  0.193036E+08  0.193035E+08  0.854935E+06  0.907399E+06  0.000000E+00  0.193036E+08
  0.103039E-02  0.192965E+08  0.192964E+08  0.825310E+06  0.876428E+06  0.000000E+00  0.192965E+08
  0.105120E-02  0.192892E+08  0.192891E+08  0.791577E+06  0.841248E+06  0.000000E+00  0.192892E+08
  0.107244E-02  0.192817E+08  0.192816E+08  0.753565E+06  0.801714E+06  0.000000E+00  0.192817E+08
  0.109411E-02  0.192740E+08  0.192739E+08  0.711367E+06  0.757951E+06  0.000000E+00  0.192740E+08
  0.111621E-02  0.192661E+08  0.192659E+08  0.665345E+06  0.710350E+06  0.000000E+00  0.192661E+08
  0.113876E-02  0.192579E+08  0.192578E+08  0.616112E+06  0.659553E+06  0.000000E+00  0.192579E+08
  0.116176E-02  0.192495E+08  0.192494E+08  0.564510E+06  0.606430E+06  0.000000E+00  0.192495E+08
  0.118523E-02  0.192409E+08  0.192407E+08  0.511569E+06  0.552035E+06  0.000000E+00  0.192409E+08
  0.120917E-02  0.192320E+08  0.192318E+08  0.458462E+06  0.497566E+06  0.000000E+00  0.192320E+08
  0.123360E-02  0.192229E+08  0.192227E+08  0.406440E+06  0.444291E+06  0.000000E+00  0.192228E+08
  0.125852E-02  0.192134E+08  0.192132E+08  0.356767E+06  0.393486E+06  0.000000E+00  0.192134E+08
  0.128394E-02  0.192038E+08  0.192036E+08  0.310646E+06  0.346363E+06  0.000000E+00  0.192037E+08
  0.130988E-02  0.191938E+08  0.191936E+08  0.269142E+06  0.303990E+06  0.000000E+00  0.191938E+08
  0.133634E-02  0.191836E+08  0.191834E+08  0.233112E+06  0.267224E+06  0.000000E+00  0.191836E+08
  0.136334E-02  0.191731E+08  0.191729E+08  0.203142E+06  0.236644E+06  0.000000E+00  0.191731E+08
  0.139088E-02  0.191623E+08  0.191621E+08  0.179495E+06  0.212504E+06  0.000000E+00  0.191623E+08
  0.141898E-02  0.191512E+08  0.191510E+08  0.162081E+06  0.194705E+06  0.000000E+00  0.191512E+08
  0.144764E-02  0.191398E+08  0.191395E+08  0.150450E+06  0.182786E+06  0.000000E+00  0.191398E+08
  0.147689E-02  0.191281E+08  0.191278E+08  0.143808E+06  0.175942E+06  0.000000E+00  0.191280E+08
  0.150672E-02  0.191160E+08  0.191158E+08  0.141068E+06  0.173081E+06  0.000000E+00  0.191160E+08
  0.153716E-02  0.191037E+08  0.191034E+08  0.000000E+00  0.000000E+00  0.000000E+00  0.191036E+08
  0.156821E-02  0.190910E+08  0.190907E+08  0.000000E+00  0.000000E+00  0.000000E+00  0.190909E+08
  0.159989E-02  0.190779E+08  0.190776E+08  0.000000E+00  0.000000E+00  0.000000E+00  0.190779E+08
  0.163221E-02  0.190645E+08  0.190642E+08  0.000000E+00  0.000000E+00  0.000000E+00  0.190645E+08
  0.166519E-02  0.190508E+08  0.190504E+08  0.000000E+00  0.000000E+00  0.000000E+00  0.190507E+08
  0.169883E-02  0.190366E+08  0.190363E+08  0.000000E+00  0.000000E+00  0.000000E+00  0.190366E+08
  0.173314E-02  0.190221E+08  0.190218E+08  0.000000E+00  0.000000E+00  0.000000E+00  0.190221E+08
  0.176816E-02  0.190073E+08  0.190069E+08  0.000000E+00  0.000000E+00  0.000000E+00  0.190072E+08
  0.180387E-02  0.189920E+08  0.189916E+08  0.000000E+00  0.000000E+00  0.000000E+00  0.189919E+08
  0.184032E-02  0.189763E+08  0.189759E+08  0.000000E+00  0.000000E+00  0.000000E+00  0.189763E+08
  0.187749E-02  0.189603E+08  0.189598E+08  0.000000E+00  0.000000E+00  0.000000E+00  0.189602E+08
  0.191542E-02  0.189438E+08  0.189433E+08  0.000000E+00  0.000000E+00  0.000000E+00  0.189437E+08
  0.195411E-02  0.189268E+08  0.189264E+08  0.000000E+00  0.000000E+00  0.000000E+00  0.189268E+08
  0.199359E-02  0.189095E+08  0.189090E+08  0.000000E+00  0.000000E+00  0.000000E+00  0.189094E+08
  0.203386E-02  0.188917E+08  0.188912E+08  0.000000E+00  0.000000E+00  0.000000E+00  0.188916E+08
  0.207495E-02  0.188735E+08  0.188729E+08  0.000000E+00  0.000000E+00  0.000000E+00  0.188734E+08
  0.211687E-02  0.188548E+08  0.188542E+08  0.000000E+00  0.000000E+00  0.000000E+00  0.188547E+08
  0.215963E-02  0.188356E+08  0.188350E+08  0.000000E+00  0.000000E+00  0.000000E+00  0.188355E+08
  0.220326E-02  0.188159E+08  0.188153E+08  0.000000E+00  0.000000E+00  0.000000E+00  0.188158E+08
  0.224777E-02  0.187958E+08  0.187951E+08  0.000000E+00  0.000000E+00  0.000000E+00  0.187957E+08
  0.229317E-02  0.187751E+08  0.187745E+08  0.000000E+00  0.000000E+00  0.000000E+00  0.187750E+08
  0.233950E-02  0.187540E+08  0.187533E+08  0.000000E+00  0.000000E+00  0.000000E+00  0.187539E+08
  0.238676E-02  0.187323E+08  0.187316E+08  0.000000E+00  0.000000E+00  0.000000E+00  0.187322E+08
  0.243498E-02  0.187101E+08  0.187094E+08  0.000000E+00  0.000000E+00  0.000000E+00  0.187100E+08
  0.248417E-02  0.186874E+08  0.186866E+08  0.000000E+00  0.000000E+00  0.000000E+00  0.186872E+08
  0.253435E-02  0.186641E+08  0.186633E+08  0.000000E+00  0.000000E+00  0.000000E+00  0.186640E+08
  0.258555E-02  0.186402E+08  0.186394E+08  0.000000E+00  0.000000E+00  0.000000E+00  0.186401E+08
  0.263778E-02  0.186158E+08  0.186150E+08  0.000000E+00  0.000000E+00  0.000000E+00  0.186157E+08
  0.269107E-02  0.185908E+08  0.185899E+08  0.000000E+00  0.000000E+00  0.000000E+00  0.185907E+08
  0.274543E-02  0.185652E+08  0.185643E+08  0.000000E+00  0.000000E+00  0.000000E+00  0.185651E+08
  0.280089E-02  0.185391E+08  0.185381E+08  0.000000E+00  0.000000E+00  0.000000E+00  0.185389E+08
  0.285747E-02  0.185123E+08  0.185113E+08  0.000000E+00  0.000000E+00  0.000000E+00  0.185121E+08
  0.291520E-02  0.184848E+08  0.184838E+08  0.000000E+00  0.000000E+00  0.000000E+00  0.184847E+08
  0.297409E-02  0.184568E+08  0.184557E+08  0.000000E+00  0.000000E+00  0.000000E+00  0.184566E+08
  0.303417E-02  0.184281E+08  0.184270E+08  0.000000E+00  0.000000E+00  0.000000E+00  0.184279E+08
  0.309546E-02  0.183988E+08  0.183976E+08  0.000000E+00  0.000000E+00  0.000000E+00  0.183986E+08
  0.315799E-02  0.183687E+08  0.183675E+08  0.000000E+00  0.000000E+00  0.000000E+00  0.183686E+08
  0.322179E-02  0.183380E+08  0.183368E+08  0.000000E+00  0.000000E+00  0.000000E+00  0.183379E+08
  0.328688E-02  0.183067E+08  0.183054E+08  0.000000E+00  0.000000E+00  0.000000E+00  0.183065E+08
  0.335327E-02  0.182746E+08  0.182732E+08  0.000000E+00  0.000000E+00  0.000000E+00  0.182744E+08
  0.342101E-02  0.182418E+08  0.182404E+08  0.000000E+00  0.000000E+00  0.000000E+00  0.182416E+08
  0.349012E-02  0.182083E+08  0.182068E+08  0.000000E+00  0.000000E+00  0.000000E+00  0.182081E+08
  0.356063E-02  0.181741E+08  0.181725E+08  0.000000E+00  0.000000E+00  0.000000E+00  0.181738E+08
  0.363256E-02  0.181391E+08  0.181375E+08  0.000000E+00  0.000000E+00  0.000000E+00  0.181388E+08
  0.370594E-02  0.181034E+08  0.181017E+08  0.000000E+00  0.000000E+00  0.000000E+00  0.181031E+08
  0.378081E-02  0.180668E+08  0.180651E+08  0.000000E+00  0.000000E+00  0.000000E+00  0.180666E+08
  0.385718E-02  0.180296E+08  0.180278E+08  0.000000E+00  0.000000E+00  0.000000E+00  0.180293E+08
  0.393510E-02  0.179915E+08  0.179896E+08  0.000000E+00  0.000000E+00  0.000000E+00  0.179912E+08
  0.401460E-02  0.179526E+08  0.179507E+08  0.000000E+00  0.000000E+00  0.000000E+00  0.179523E+08
  0.409570E-02  0.179129E+08  0.179109E+08  0.000000E+00  0.000000E+00  0.000000E+00  0.179126E+08
  0.417844E-02  0.178724E+08  0.178703E+08  0.000000E+00  0.000000E+00  0.000000E+00  0.178721E+08
  0.426285E-02  0.178311E+08  0.178289E+08  0.000000E+00  0.000000E+00  0.000000E+00  0.178308E+08
  0.434896E-02  0.177889E+08  0.177866E+08  0.000000E+00  0.000000E+00  0.000000E+00  0.177885E+08
  0.443682E-02  0.177458E+08  0.177435E+08  0.000000E+00  0.000000E+00  0.000000E+00  0.177455E+08
  0.452645E-02  0.177019E+08  0.176995E+08  0.000000E+00  0.000000E+00  0.000000E+00  0.177015E+08
  0.461789E-02  0.176571E+08  0.176546E+08  0.000000E+00  0.000000E+00  0.000000E+00  0.176567E+08
  0.471117E-02  0.176114E+08  0.176088E+08  0.000000E+00  0.000000E+00  0.000000E+00  0.176110E+08
  0.480635E-02  0.175648E+08  0.175621E+08  0.000000E+00  0.000000E+00  0.000000E+00  0.175644E+08
  0.490344E-02  0.175173E+08  0.175144E+08  0.000000E+00  0.000000E+00  0.000000E+00  0.175168E+08
  0.500250E-02  0.174688E+08  0.174659E+08  0.000000E+00  0.000000E+00  0.000000E+00  0.174684E+08
  0.510355E-02  0.174194E+08  0.174164E+08  0.000000E+00  0.000000E+00  0.000000E+00  0.174190E+08
  0.520665E-02  0.173691E+08  0.173659E+08  0.000000E+00  0.000000E+00  0.000000E+00  0.173686E+08
  0.531184E-02  0.173177E+08  0.173145E+08  0.000000E+00  0.000000E+00  0.000000E+00  0.173172E+08
  0.541914E-02  0.172655E+08  0.172620E+08  0.000000E+00  0.000000E+00  0.000000E+00  0.172649E+08
  0.552861E-02  0.172122E+08  0.172086E+08  0.000000E+00  0.000000E+00  0.000000E+00  0.172116E+08
  0.564030E-02  0.171579E+08  0.171542E+08  0.000000E+00  0.000000E+00  0.000000E+00  0.171573E+08
  0.575424E-02  0.171026E+08  0.170988E+08  0.000000E+00  0.000000E+00  0.000000E+00  0.171020E+08
  0.587049E-02  0.170463E+08  0.170423E+08  0.000000E+00  0.000000E+00  0.000000E+00  0.170457E+08
  0.598908E-02  0.169889E+08  0.169848E+08  0.000000E+00  0.000000E+00  0.000000E+00  0.169883E+08
  0.611006E-02  0.169305E+08  0.169262E+08  0.000000E+00  0.000000E+00  0.000000E+00  0.169299E+08
  0.623350E-02  0.168710E+08  0.168666E+08  0.000000E+00  0.000000E+00  0.000000E+00  0.168704E+08
  0.635942E-02  0.168105E+08  0.168059E+08  0.000000E+00  0.000000E+00  0.000000E+00  0.168098E+08
  0.648789E-02  0.167489E+08  0.167441E+08  0.000000E+00  0.000000E+00  0.000000E+00  0.167482E+08
  0.661895E-02  0.166862E+08  0.166812E+08  0.000000E+00  0.000000E+00  0.000000E+00  0.166854E+08
  0.675266E-02  0.166224E+08  0.166172E+08  0.000000E+00  0.000000E+00  0.000000E+00  0.166216E+08
  0.688908E-02  0.165574E+08  0.165521E+08  0.000000E+00  0.000000E+00  0.000000E+00  0.165566E+08
  0.702825E-02  0.164914E+08  0.164858E+08  0.000000E+00  0.000000E+00  0.000000E+00  0.164905E+08
  0.717023E-02  0.164241E+08  0.164184E+08  0.000000E+00  0.000000E+00  0.000000E+00  0.164233E+08
  0.731507E-02  0.163558E+08  0.163498E+08  0.000000E+00  0.000000E+00  0.000000E+00  0.163549E+08
  0.746285E-02  0.162862E+08  0.162801E+08  0.000000E+00  0.000000E+00  0.000000E+00  0.162853E+08
  0.761361E-02  0.162155E+08  0.162091E+08  0.000000E+00  0.000000E+00  0.000000E+00  0.162146E+08
  0.776741E-02  0.161436E+08  0.161370E+08  0.000000E+00  0.000000E+00  0.000000E+00  0.161426E+08
  0.792432E-02  0.160705E+08  0.160636E+08  0.000000E+00  0.000000E+00  0.000000E+00  0.160695E+08
  0.808441E-02  0.159962E+08  0.159891E+08  0.000000E+00  0.000000E+00  0.000000E+00  0.159951E+08
  0.824772E-02  0.159207E+08  0.159133E+08  0.000000E+00  0.000000E+00  0.000000E+00  0.159195E+08
  0.841434E-02  0.158446E+08  0.158369E+08  0.000000E+00  0.000000E+00  0.000000E+00  0.158434E+08
  0.858432E-02  0.157668E+08  0.157588E+08  0.000000E+00  0.000000E+00  0.000000E+00  0.157655E+08
  0.875774E-02  0.156877E+08  0.156794E+08  0.000000E+00  0.000000E+00  0.000000E+00  0.156864E+08
  0.893465E-02  0.156074E+08  0.155988E+08  0.000000E+00  0.000000E+00  0.000000E+00  0.156061E+08
  0.911515E-02  0.155258E+08  0.155170E+08  0.000000E+00  0.000000E+00  0.000000E+00  0.155245E+08
  0.929928E-02  0.154430E+08  0.154338E+08  0.000000E+00  0.000000E+00  0.000000E+00  0.154416E+08
  0.948714E-02  0.153589E+08  0.153493E+08  0.000000E+00  0.000000E+00  0.000000E+00  0.153574E+08
  0.967879E-02  0.152735E+08  0.152636E+08  0.000000E+00  0.000000E+00  0.000000E+00  0.152719E+08
  0.987432E-02  0.151867E+08  0.151765E+08  0.000000E+00  0.000000E+00  0.000000E+00  0.151852E+08
  0.100738E-01  0.150987E+08  0.150881E+08  0.000000E+00  0.000000E+00  0.000000E+00  0.150971E+08
  0.102773E-01  0.150093E+08  0.149984E+08  0.000000E+00  0.000000E+00  0.000000E+00  0.150077E+08
  0.104849E-01  0.149186E+08  0.149073E+08  0.000000E+00  0.000000E+00  0.000000E+00  0.149169E+08
  0.106967E-01  0.148266E+08  0.148149E+08  0.000000E+00  0.000000E+00  0.000000E+00  0.148248E+08
  0.109128E-01  0.147293E+08  0.147171E+08  0.000000E+00  0.000000E+00  0.000000E+00  0.147274E+08
  0.111333E-01  0.146343E+08  0.146217E+08  0.000000E+00  0.000000E+00  0.000000E+00  0.146324E+08
  0.113582E-01  0.145379E+08  0.145249E+08  0.000000E+00  0.000000E+00  0.000000E+00  0.145359E+08
  0.115876E-01  0.144401E+08  0.144266E+08  0.000000E+00  0.000000E+00  0.000000E+00  0.144381E+08
  0.118217E-01  0.143409E+08  0.143270E+08  0.000000E+00  0.000000E+00  0.000000E+00  0.143388E+08
  0.120605E-01  0.142403E+08  0.142259E+08  0.000000E+00  0.000000E+00  0.000000E+00  0.142381E+08
  0.123042E-01  0.141383E+08  0.141234E+08  0.000000E+00  0.000000E+00  0.000000E+00  0.141360E+08
  0.125527E-01  0.140349E+08  0.140194E+08  0.000000E+00  0.000000E+00  0.000000E+00  0.140325E+08
  0.128063E-01  0.139300E+08  0.139141E+08  0.000000E+00  0.000000E+00  0.000000E+00  0.139276E+08
  0.130650E-01  0.138237E+08  0.138072E+08  0.000000E+00  0.000000E+00  0.000000E+00  0.138212E+08
  0.133289E-01  0.137188E+08  0.137018E+08  0.000000E+00  0.000000E+00  0.000000E+00  0.137162E+08
  0.135982E-01  0.136098E+08  0.135922E+08  0.000000E+00  0.000000E+00  0.000000E+00  0.136071E+08
  0.138729E-01  0.134993E+08  0.134811E+08  0.000000E+00  0.000000E+00  0.000000E+00  0.134965E+08
  0.141531E-01  0.133873E+08  0.133686E+08  0.000000E+00  0.000000E+00  0.000000E+00  0.133844E+08
  0.144391E-01  0.132739E+08  0.132546E+08  0.000000E+00  0.000000E+00  0.000000E+00  0.132709E+08
  0.147308E-01  0.131590E+08  0.131391E+08  0.000000E+00  0.000000E+00  0.000000E+00  0.131560E+08
  0.150283E-01  0.130427E+08  0.130222E+08  0.000000E+00  0.000000E+00  0.000000E+00  0.130396E+08
  0.153319E-01  0.129250E+08  0.129038E+08  0.000000E+00  0.000000E+00  0.000000E+00  0.129217E+08
  0.156417E-01  0.128048E+08  0.127829E+08  0.000000E+00  0.000000E+00  0.000000E+00  0.128015E+08
  0.159576E-01  0.126841E+08  0.126616E+08  0.000000E+00  0.000000E+00  0.000000E+00  0.126807E+08
  0.162800E-01  0.125620E+08  0.125388E+08  0.000000E+00  0.000000E+00  0.000000E+00  0.125584E+08
  0.166089E-01  0.124384E+08  0.124145E+08  0.000000E+00  0.000000E+00  0.000000E+00  0.124348E+08
  0.169444E-01  0.123135E+08  0.122889E+08  0.000000E+00  0.000000E+00  0.000000E+00  0.123097E+08
  0.172867E-01  0.121871E+08  0.121618E+08  0.000000E+00  0.000000E+00  0.000000E+00  0.121832E+08
  0.176359E-01  0.120593E+08  0.120333E+08  0.000000E+00  0.000000E+00  0.000000E+00  0.120553E+08
  0.179922E-01  0.119304E+08  0.119036E+08  0.000000E+00  0.000000E+00  0.000000E+00  0.119263E+08
  0.183556E-01  0.117999E+08  0.117724E+08  0.000000E+00  0.000000E+00  0.000000E+00  0.117957E+08
  0.187265E-01  0.116681E+08  0.116398E+08  0.000000E+00  0.000000E+00  0.000000E+00  0.116638E+08
  0.191048E-01  0.115350E+08  0.115059E+08  0.000000E+00  0.000000E+00  0.000000E+00  0.115305E+08
  0.194907E-01  0.114006E+08  0.113708E+08  0.000000E+00  0.000000E+00  0.000000E+00  0.113960E+08
  0.198844E-01  0.112650E+08  0.112344E+08  0.000000E+00  0.000000E+00  0.000000E+00  0.112603E+08
  0.202861E-01  0.111282E+08  0.110968E+08  0.000000E+00  0.000000E+00  0.000000E+00  0.111234E+08
  0.206959E-01  0.109902E+08  0.109580E+08  0.000000E+00  0.000000E+00  0.000000E+00  0.109852E+08
  0.211140E-01  0.108511E+08  0.108181E+08  0.000000E+00  0.000000E+00  0.000000E+00  0.108460E+08
  0.215405E-01  0.107109E+08  0.106772E+08  0.000000E+00  0.000000E+00  0.000000E+00  0.107057E+08
  0.219757E-01  0.105697E+08  0.105352E+08  0.000000E+00  0.000000E+00  0.000000E+00  0.105644E+08
  0.224196E-01  0.104275E+08  0.103922E+08  0.000000E+00  0.000000E+00  0.000000E+00  0.104221E+08
  0.228725E-01  0.102844E+08  0.102484E+08  0.000000E+00  0.000000E+00  0.000000E+00  0.102789E+08
  0.233346E-01  0.101405E+08  0.101038E+08  0.000000E+00  0.000000E+00  0.000000E+00  0.101349E+08
  0.238060E-01  0.999588E+07  0.995836E+07  0.000000E+00  0.000000E+00  0.000000E+00  0.999014E+07
  0.242869E-01  0.985055E+07  0.981230E+07  0.000000E+00  0.000000E+00  0.000000E+00  0.984469E+07
  0.247775E-01  0.970462E+07  0.966566E+07  0.000000E+00  0.000000E+00  0.000000E+00  0.969865E+07
  0.252781E-01  0.955819E+07  0.951853E+07  0.000000E+00  0.000000E+00  0.000000E+00  0.955212E+07
  0.257887E-01  0.941135E+07  0.937101E+07  0.000000E+00  0.000000E+00  0.000000E+00  0.940517E+07
  0.263097E-01  0.926420E+07  0.922322E+07  0.000000E+00  0.000000E+00  0.000000E+00  0.925792E+07
  0.268412E-01  0.911685E+07  0.907525E+07  0.000000E+00  0.000000E+00  0.000000E+00  0.911048E+07
  0.273834E-01  0.896942E+07  0.892723E+07  0.000000E+00  0.000000E+00  0.000000E+00  0.896296E+07
  0.279366E-01  0.882202E+07  0.877928E+07  0.000000E+00  0.000000E+00  0.000000E+00  0.881547E+07
  0.285009E-01  0.867478E+07  0.863153E+07  0.000000E+00  0.000000E+00  0.000000E+00  0.866816E+07
  0.290767E-01  0.852784E+07  0.848411E+07  0.000000E+00  0.000000E+00  0.000000E+00  0.852114E+07
  0.296641E-01  0.838133E+07  0.833718E+07  0.000000E+00  0.000000E+00  0.000000E+00  0.837457E+07
  0.302633E-01  0.823539E+07  0.819086E+07  0.000000E+00  0.000000E+00  0.000000E+00  0.822857E+07
  0.308747E-01  0.809018E+07  0.804532E+07  0.000000E+00  0.000000E+00  0.000000E+00  0.808331E+07
  0.314984E-01  0.794584E+07  0.790072E+07  0.000000E+00  0.000000E+00  0.000000E+00  0.793893E+07
  0.321347E-01  0.780253E+07  0.775720E+07  0.000000E+00  0.000000E+00  0.000000E+00  0.779558E+07
  0.327839E-01  0.766041E+07  0.761494E+07  0.000000E+00  0.000000E+00  0.000000E+00  0.765345E+07
  0.334462E-01  0.751970E+07  0.747415E+07  0.000000E+00  0.000000E+00  0.000000E+00  0.751272E+07
  0.341218E-01  0.737988E+07  0.733434E+07  0.000000E+00  0.000000E+00  0.000000E+00  0.737291E+07
  0.348111E-01  0.724052E+07  0.719504E+07  0.000000E+00  0.000000E+00  0.000000E+00  0.723355E+07
  0.355144E-01  0.710296E+07  0.705763E+07  0.000000E+00  0.000000E+00  0.000000E+00  0.709601E+07
  0.362318E-01  0.696736E+07  0.692226E+07  0.000000E+00  0.000000E+00  0.000000E+00  0.696045E+07
  0.369637E-01  0.683391E+07  0.678912E+07  0.000000E+00  0.000000E+00  0.000000E+00  0.682705E+07
  0.377105E-01  0.670278E+07  0.665837E+07  0.000000E+00  0.000000E+00  0.000000E+00  0.669597E+07
  0.384722E-01  0.657412E+07  0.653019E+07  0.000000E+00  0.000000E+00  0.000000E+00  0.656739E+07
  0.392494E-01  0.644807E+07  0.640471E+07  0.000000E+00  0.000000E+00  0.000000E+00  0.644143E+07
  0.400423E-01  0.632479E+07  0.628208E+07  0.000000E+00  0.000000E+00  0.000000E+00  0.631824E+07
  0.408512E-01  0.620437E+07  0.616240E+07  0.000000E+00  0.000000E+00  0.000000E+00  0.619794E+07
  0.416765E-01  0.608693E+07  0.604578E+07  0.000000E+00  0.000000E+00  0.000000E+00  0.608062E+07
  0.425184E-01  0.597253E+07  0.593228E+07  0.000000E+00  0.000000E+00  0.000000E+00  0.596636E+07
  0.433773E-01  0.586123E+07  0.582197E+07  0.000000E+00  0.000000E+00  0.000000E+00  0.585521E+07
  0.442536E-01  0.575305E+07  0.571486E+07  0.000000E+00  0.000000E+00  0.000000E+00  0.574720E+07
  0.451476E-01  0.564798E+07  0.561093E+07  0.000000E+00  0.000000E+00  0.000000E+00  0.564231E+07
  0.460596E-01  0.554600E+07  0.551015E+07  0.000000E+00  0.000000E+00  0.000000E+00  0.554051E+07
  0.469901E-01  0.544703E+07  0.541245E+07  0.000000E+00  0.000000E+00  0.000000E+00  0.544173E+07
  0.479394E-01  0.535098E+07  0.531772E+07  0.000000E+00  0.000000E+00  0.000000E+00  0.534588E+07
  0.489078E-01  0.525774E+07  0.522584E+07  0.000000E+00  0.000000E+00  0.000000E+00  0.525285E+07
  0.498958E-01  0.516717E+07  0.513668E+07  0.000000E+00  0.000000E+00  0.000000E+00  0.516250E+07
  0.509038E-01  0.507921E+07  0.505015E+07  0.000000E+00  0.000000E+00  0.000000E+00  0.507476E+07
  0.519321E-01  0.499355E+07  0.496593E+07  0.000000E+00  0.000000E+00  0.000000E+00  0.498932E+07
  0.529812E-01  0.491010E+07  0.488392E+07  0.000000E+00  0.000000E+00  0.000000E+00  0.490609E+07
  0.540515E-01  0.482869E+07  0.480395E+07  0.000000E+00  0.000000E+00  0.000000E+00  0.482490E+07
  0.551434E-01  0.474914E+07  0.472581E+07  0.000000E+00  0.000000E+00  0.000000E+00  0.474556E+07
  0.562574E-01  0.467124E+07  0.464930E+07  0.000000E+00  0.000000E+00  0.000000E+00  0.466788E+07
  0.573939E-01  0.459478E+07  0.457416E+07  0.000000E+00  0.000000E+00  0.000000E+00  0.459162E+07
  0.585533E-01  0.451950E+07  0.450015E+07  0.000000E+00  0.000000E+00  0.000000E+00  0.451653E+07
  0.597362E-01  0.444510E+07  0.442694E+07  0.000000E+00  0.000000E+00  0.000000E+00  0.444232E+07
  0.609429E-01  0.437128E+07  0.435422E+07  0.000000E+00  0.000000E+00  0.000000E+00  0.436867E+07
  0.621740E-01  0.429768E+07  0.428162E+07  0.000000E+00  0.000000E+00  0.000000E+00  0.429522E+07
  0.634300E-01  0.422394E+07  0.420878E+07  0.000000E+00  0.000000E+00  0.000000E+00  0.422162E+07
  0.647114E-01  0.414973E+07  0.413535E+07  0.000000E+00  0.000000E+00  0.000000E+00  0.414753E+07
  0.660186E-01  0.407475E+07  0.406100E+07  0.000000E+00  0.000000E+00  0.000000E+00  0.407264E+07
  0.673523E-01  0.399873E+07  0.398550E+07  0.000000E+00  0.000000E+00  0.000000E+00  0.399670E+07
  0.687129E-01  0.392151E+07  0.390866E+07  0.000000E+00  0.000000E+00  0.000000E+00  0.391955E+07
  0.701010E-01  0.384301E+07  0.383040E+07  0.000000E+00  0.000000E+00  0.000000E+00  0.384108E+07
  0.715171E-01  0.376319E+07  0.375070E+07  0.000000E+00  0.000000E+00  0.000000E+00  0.376128E+07
  0.729619E-01  0.368212E+07  0.366961E+07  0.000000E+00  0.000000E+00  0.000000E+00  0.368020E+07
  0.744358E-01  0.359987E+07  0.358723E+07  0.000000E+00  0.000000E+00  0.000000E+00  0.359794E+07
  0.759395E-01  0.351656E+07  0.350368E+07  0.000000E+00  0.000000E+00  0.000000E+00  0.351459E+07
  0.774736E-01  0.343232E+07  0.341912E+07  0.000000E+00  0.000000E+00  0.000000E+00  0.343030E+07
  0.790387E-01  0.334729E+07  0.333370E+07  0.000000E+00  0.000000E+00  0.000000E+00  0.334521E+07
  0.806353E-01  0.326170E+07  0.324766E+07  0.000000E+00  0.000000E+00  0.000000E+00  0.325955E+07
  0.822643E-01  0.317581E+07  0.316130E+07  0.000000E+00  0.000000E+00  0.000000E+00  0.317359E+07
  0.839262E-01  0.309003E+07  0.307505E+07  0.000000E+00  0.000000E+00  0.000000E+00  0.308774E+07
  0.856216E-01  0.300485E+07  0.298942E+07  0.000000E+00  0.000000E+00  0.000000E+00  0.300249E+07
  0.873513E-01  0.292087E+07  0.290503E+07  0.000000E+00  0.000000E+00  0.000000E+00  0.291844E+07
  0.891158E-01  0.283874E+07  0.282258E+07  0.000000E+00  0.000000E+00  0.000000E+00  0.283626E+07
  0.909161E-01  0.275912E+07  0.274272E+07  0.000000E+00  0.000000E+00  0.000000E+00  0.275660E+07
  0.927527E-01  0.268262E+07  0.266610E+07  0.000000E+00  0.000000E+00  0.000000E+00  0.268009E+07
  0.946265E-01  0.260973E+07  0.259323E+07  0.000000E+00  0.000000E+00  0.000000E+00  0.260720E+07
  0.965380E-01  0.254084E+07  0.252449E+07  0.000000E+00  0.000000E+00  0.000000E+00  0.253833E+07
  0.984883E-01  0.247614E+07  0.246009E+07  0.000000E+00  0.000000E+00  0.000000E+00  0.247368E+07
  0.100478E+00  0.241570E+07  0.240009E+07  0.000000E+00  0.000000E+00  0.000000E+00  0.241330E+07
  0.102508E+00  0.235939E+07  0.234437E+07  0.000000E+00  0.000000E+00  0.000000E+00  0.235709E+07
  0.104578E+00  0.230700E+07  0.229267E+07  0.000000E+00  0.000000E+00  0.000000E+00  0.230481E+07
  0.106691E+00  0.225815E+07  0.224463E+07  0.000000E+00  0.000000E+00  0.000000E+00  0.225608E+07
  0.108846E+00  0.221242E+07  0.219977E+07  0.000000E+00  0.000000E+00  0.000000E+00  0.221049E+07
  0.111045E+00  0.216931E+07  0.215758E+07  0.000000E+00  0.000000E+00  0.000000E+00  0.216752E+07
  0.113288E+00  0.212829E+07  0.211748E+07  0.000000E+00  0.000000E+00  0.000000E+00  0.212663E+07
  0.115577E+00  0.208872E+07  0.207882E+07  0.000000E+00  0.000000E+00  0.000000E+00  0.208720E+07
  0.117912E+00  0.204992E+07  0.204085E+07  0.000000E+00  0.000000E+00  0.000000E+00  0.204853E+07
  0.120294E+00  0.201108E+07  0.200275E+07  0.000000E+00  0.000000E+00  0.000000E+00  0.200981E+07
  0.122724E+00  0.197142E+07  0.196370E+07  0.000000E+00  0.000000E+00  0.000000E+00  0.197024E+07
  0.125203E+00  0.193024E+07  0.192299E+07  0.000000E+00  0.000000E+00  0.000000E+00  0.192913E+07
  0.127732E+00  0.188709E+07  0.188015E+07  0.000000E+00  0.000000E+00  0.000000E+00  0.188602E+07
  0.130313E+00  0.184177E+07  0.183499E+07  0.000000E+00  0.000000E+00  0.000000E+00  0.184074E+07
  0.132945E+00  0.179440E+07  0.178763E+07  0.000000E+00  0.000000E+00  0.000000E+00  0.179336E+07
  0.135631E+00  0.174526E+07  0.173837E+07  0.000000E+00  0.000000E+00  0.000000E+00  0.174421E+07
  0.138371E+00  0.169482E+07  0.168770E+07  0.000000E+00  0.000000E+00  0.000000E+00  0.169373E+07
  0.141166E+00  0.164366E+07  0.163627E+07  0.000000E+00  0.000000E+00  0.000000E+00  0.164253E+07
  0.144018E+00  0.159250E+07  0.158481E+07  0.000000E+00  0.000000E+00  0.000000E+00  0.159132E+07
  0.146927E+00  0.154214E+07  0.153417E+07  0.000000E+00  0.000000E+00  0.000000E+00  0.154092E+07
  0.149895E+00  0.149337E+07  0.148519E+07  0.000000E+00  0.000000E+00  0.000000E+00  0.149212E+07
  0.152923E+00  0.144700E+07  0.143871E+07  0.000000E+00  0.000000E+00  0.000000E+00  0.144573E+07
  0.156013E+00  0.140370E+07  0.139542E+07  0.000000E+00  0.000000E+00  0.000000E+00  0.140243E+07
  0.159164E+00  0.136398E+07  0.135585E+07  0.000000E+00  0.000000E+00  0.000000E+00  0.136273E+07
  0.162380E+00  0.132805E+07  0.132020E+07  0.000000E+00  0.000000E+00  0.000000E+00  0.132685E+07
  0.165660E+00  0.129571E+07  0.128826E+07  0.000000E+00  0.000000E+00  0.000000E+00  0.129457E+07
  0.169007E+00  0.126642E+07  0.125946E+07  0.000000E+00  0.000000E+00  0.000000E+00  0.126536E+07
  0.172421E+00  0.123941E+07  0.123298E+07  0.000000E+00  0.000000E+00  0.000000E+00  0.123843E+07
  0.175904E+00  0.121376E+07  0.120785E+07  0.000000E+00  0.000000E+00  0.000000E+00  0.121285E+07
  0.179457E+00  0.118847E+07  0.118304E+07  0.000000E+00  0.000000E+00  0.000000E+00  0.118764E+07
  0.183083E+00  0.116263E+07  0.115761E+07  0.000000E+00  0.000000E+00  0.000000E+00  0.116186E+07
  0.186781E+00  0.113558E+07  0.113084E+07  0.000000E+00  0.000000E+00  0.000000E+00  0.113485E+07
  0.190554E+00  0.110694E+07  0.110237E+07  0.000000E+00  0.000000E+00  0.000000E+00  0.110624E+07
  0.194404E+00  0.107664E+07  0.107213E+07  0.000000E+00  0.000000E+00  0.000000E+00  0.107595E+07
  0.198331E+00  0.104493E+07  0.104037E+07  0.000000E+00  0.000000E+00  0.000000E+00  0.104423E+07
  0.202337E+00  0.101235E+07  0.100768E+07  0.000000E+00  0.000000E+00  0.000000E+00  0.101163E+07
  0.206425E+00  0.979705E+06  0.974920E+06  0.000000E+00  0.000000E+00  0.000000E+00  0.978972E+06
  0.210595E+00  0.947936E+06  0.943054E+06  0.000000E+00  0.000000E+00  0.000000E+00  0.947188E+06
  0.214849E+00  0.917902E+06  0.912985E+06  0.000000E+00  0.000000E+00  0.000000E+00  0.917149E+06
  0.219190E+00  0.890204E+06  0.885337E+06  0.000000E+00  0.000000E+00  0.000000E+00  0.889459E+06
  0.223618E+00  0.865034E+06  0.860309E+06  0.000000E+00  0.000000E+00  0.000000E+00  0.864310E+06
  0.228135E+00  0.842267E+06  0.837765E+06  0.000000E+00  0.000000E+00  0.000000E+00  0.841577E+06
  0.232744E+00  0.821544E+06  0.817316E+06  0.000000E+00  0.000000E+00  0.000000E+00  0.820896E+06
  0.237445E+00  0.802175E+06  0.798236E+06  0.000000E+00  0.000000E+00  0.000000E+00  0.801572E+06
  0.242242E+00  0.783224E+06  0.779550E+06  0.000000E+00  0.000000E+00  0.000000E+00  0.782661E+06
  0.247136E+00  0.763868E+06  0.760402E+06  0.000000E+00  0.000000E+00  0.000000E+00  0.763337E+06
  0.252128E+00  0.743647E+06  0.740318E+06  0.000000E+00  0.000000E+00  0.000000E+00  0.743137E+06
  0.257221E+00  0.722479E+06  0.719211E+06  0.000000E+00  0.000000E+00  0.000000E+00  0.721978E+06
  0.262418E+00  0.700608E+06  0.697348E+06  0.000000E+00  0.000000E+00  0.000000E+00  0.700109E+06
  0.267719E+00  0.678537E+06  0.675258E+06  0.000000E+00  0.000000E+00  0.000000E+00  0.678034E+06
  0.273127E+00  0.656950E+06  0.653660E+06  0.000000E+00  0.000000E+00  0.000000E+00  0.656446E+06
  0.278645E+00  0.636496E+06  0.633228E+06  0.000000E+00  0.000000E+00  0.000000E+00  0.635995E+06
  0.284274E+00  0.617544E+06  0.614350E+06  0.000000E+00  0.000000E+00  0.000000E+00  0.617055E+06
  0.290016E+00  0.600164E+06  0.597091E+06  0.000000E+00  0.000000E+00  0.000000E+00  0.599693E+06
  0.295875E+00  0.584087E+06  0.581166E+06  0.000000E+00  0.000000E+00  0.000000E+00  0.583640E+06
  0.301852E+00  0.568795E+06  0.566032E+06  0.000000E+00  0.000000E+00  0.000000E+00  0.568372E+06
  0.307950E+00  0.553746E+06  0.551122E+06  0.000000E+00  0.000000E+00  0.000000E+00  0.553344E+06
  0.314171E+00  0.538470E+06  0.535946E+06  0.000000E+00  0.000000E+00  0.000000E+00  0.538084E+06
  0.320517E+00  0.522784E+06  0.520322E+06  0.000000E+00  0.000000E+00  0.000000E+00  0.522407E+06
  0.326993E+00  0.506867E+06  0.504437E+06  0.000000E+00  0.000000E+00  0.000000E+00  0.506495E+06
  0.333598E+00  0.491120E+06  0.488715E+06  0.000000E+00  0.000000E+00  0.000000E+00  0.490752E+06
  0.340337E+00  0.475925E+06  0.473555E+06  0.000000E+00  0.000000E+00  0.000000E+00  0.475562E+06
  0.347212E+00  0.461583E+06  0.459271E+06  0.000000E+00  0.000000E+00  0.000000E+00  0.461229E+06
  0.354227E+00  0.448181E+06  0.445950E+06  0.000000E+00  0.000000E+00  0.000000E+00  0.447840E+06
  0.361382E+00  0.435522E+06  0.433384E+06  0.000000E+00  0.000000E+00  0.000000E+00  0.435194E+06
  0.368683E+00  0.423283E+06  0.421237E+06  0.000000E+00  0.000000E+00  0.000000E+00  0.422970E+06
  0.376131E+00  0.411166E+06  0.409195E+06  0.000000E+00  0.000000E+00  0.000000E+00  0.410864E+06
  0.383729E+00  0.399009E+06  0.397094E+06  0.000000E+00  0.000000E+00  0.000000E+00  0.398716E+06
  0.391481E+00  0.386868E+06  0.384994E+06  0.000000E+00  0.000000E+00  0.000000E+00  0.386581E+06
  0.399389E+00  0.374961E+06  0.373125E+06  0.000000E+00  0.000000E+00  0.000000E+00  0.374680E+06
  0.407458E+00  0.363513E+06  0.361722E+06  0.000000E+00  0.000000E+00  0.000000E+00  0.363239E+06
  0.415689E+00  0.352619E+06  0.350883E+06  0.000000E+00  0.000000E+00  0.000000E+00  0.352353E+06
  0.424087E+00  0.342233E+06  0.340559E+06  0.000000E+00  0.000000E+00  0.000000E+00  0.341977E+06
  0.432653E+00  0.332192E+06  0.330578E+06  0.000000E+00  0.000000E+00  0.000000E+00  0.331945E+06
  0.441394E+00  0.322334E+06  0.320774E+06  0.000000E+00  0.000000E+00  0.000000E+00  0.322095E+06
  0.450310E+00  0.312594E+06  0.311079E+06  0.000000E+00  0.000000E+00  0.000000E+00  0.312362E+06
  0.459407E+00  0.303015E+06  0.301538E+06  0.000000E+00  0.000000E+00  0.000000E+00  0.302788E+06
  0.468688E+00  0.293722E+06  0.292285E+06  0.000000E+00  0.000000E+00  0.000000E+00  0.293502E+06
  0.478156E+00  0.284781E+06  0.283388E+06  0.000000E+00  0.000000E+00  0.000000E+00  0.284568E+06
  0.487815E+00  0.276185E+06  0.274837E+06  0.000000E+00  0.000000E+00  0.000000E+00  0.275978E+06
  0.497670E+00  0.267859E+06  0.266556E+06  0.000000E+00  0.000000E+00  0.000000E+00  0.267660E+06
  0.507723E+00  0.259728E+06  0.258466E+06  0.000000E+00  0.000000E+00  0.000000E+00  0.259534E+06
  0.517980E+00  0.251766E+06  0.250542E+06  0.000000E+00  0.000000E+00  0.000000E+00  0.251579E+06
  0.528444E+00  0.244008E+06  0.242818E+06  0.000000E+00  0.000000E+00  0.000000E+00  0.243826E+06
  0.539119E+00  0.236495E+06  0.235341E+06  0.000000E+00  0.000000E+00  0.000000E+00  0.236318E+06
  0.550010E+00  0.229241E+06  0.228123E+06  0.000000E+00  0.000000E+00  0.000000E+00  0.229070E+06
  0.561121E+00  0.222212E+06  0.221130E+06  0.000000E+00  0.000000E+00  0.000000E+00  0.222046E+06
  0.572456E+00  0.215373E+06  0.214325E+06  0.000000E+00  0.000000E+00  0.000000E+00  0.215212E+06
  0.584021E+00  0.208709E+06  0.207693E+06  0.000000E+00  0.000000E+00  0.000000E+00  0.208554E+06
  0.595819E+00  0.202232E+06  0.201247E+06  0.000000E+00  0.000000E+00  0.000000E+00  0.202081E+06
  0.607855E+00  0.195959E+06  0.195004E+06  0.000000E+00  0.000000E+00  0.000000E+00  0.195812E+06
  0.620135E+00  0.189881E+06  0.188956E+06  0.000000E+00  0.000000E+00  0.000000E+00  0.189740E+06
  0.632662E+00  0.183983E+06  0.183087E+06  0.000000E+00  0.000000E+00  0.000000E+00  0.183846E+06
  0.645443E+00  0.178249E+06  0.177381E+06  0.000000E+00  0.000000E+00  0.000000E+00  0.178116E+06
  0.658482E+00  0.172682E+06  0.171841E+06  0.000000E+00  0.000000E+00  0.000000E+00  0.172553E+06
  0.671784E+00  0.167281E+06  0.166466E+06  0.000000E+00  0.000000E+00  0.000000E+00  0.167156E+06
  0.685355E+00  0.162047E+06  0.161258E+06  0.000000E+00  0.000000E+00  0.000000E+00  0.161926E+06
  0.699200E+00  0.156968E+06  0.156204E+06  0.000000E+00  0.000000E+00  0.000000E+00  0.156851E+06
  0.713325E+00  0.152038E+06  0.151298E+06  0.000000E+00  0.000000E+00  0.000000E+00  0.151925E+06
  0.727735E+00  0.147254E+06  0.146537E+06  0.000000E+00  0.000000E+00  0.000000E+00  0.147144E+06
  0.742436E+00  0.142615E+06  0.141921E+06  0.000000E+00  0.000000E+00  0.000000E+00  0.142509E+06
  0.757435E+00  0.138117E+06  0.137444E+06  0.000000E+00  0.000000E+00  0.000000E+00  0.138014E+06
  0.772736E+00  0.133752E+06  0.133101E+06  0.000000E+00  0.000000E+00  0.000000E+00  0.133652E+06
  0.788346E+00  0.129519E+06  0.128888E+06  0.000000E+00  0.000000E+00  0.000000E+00  0.129422E+06
  0.804271E+00  0.125413E+06  0.124803E+06  0.000000E+00  0.000000E+00  0.000000E+00  0.125320E+06
  0.820519E+00  0.121433E+06  0.120842E+06  0.000000E+00  0.000000E+00  0.000000E+00  0.121342E+06
  0.837094E+00  0.117572E+06  0.117000E+06  0.000000E+00  0.000000E+00  0.000000E+00  0.117485E+06
  0.854005E+00  0.113830E+06  0.113276E+06  0.000000E+00  0.000000E+00  0.000000E+00  0.113745E+06
  0.871257E+00  0.110201E+06  0.109665E+06  0.000000E+00  0.000000E+00  0.000000E+00  0.110119E+06
  0.888858E+00  0.106683E+06  0.106164E+06  0.000000E+00  0.000000E+00  0.000000E+00  0.106604E+06
  0.906813E+00  0.103274E+06  0.102771E+06  0.000000E+00  0.000000E+00  0.000000E+00  0.103197E+06
  0.925133E+00  0.999686E+05  0.994821E+05  0.000000E+00  0.000000E+00  0.000000E+00  0.998941E+05
  0.943821E+00  0.967651E+05  0.962942E+05  0.000000E+00  0.000000E+00  0.000000E+00  0.966929E+05
  0.962888E+00  0.936601E+05  0.932043E+05  0.000000E+00  0.000000E+00  0.000000E+00  0.935903E+05
  0.982339E+00  0.906507E+05  0.902095E+05  0.000000E+00  0.000000E+00  0.000000E+00  0.905831E+05
  0.100218E+01  0.877342E+05  0.873073E+05  0.000000E+00  0.000000E+00  0.000000E+00  0.876689E+05
  0.102243E+01  0.849077E+05  0.844945E+05  0.000000E+00  0.000000E+00  0.000000E+00  0.848444E+05
  0.104308E+01  0.821688E+05  0.817690E+05  0.000000E+00  0.000000E+00  0.000000E+00  0.821076E+05
  0.106416E+01  0.795148E+05  0.791279E+05  0.000000E+00  0.000000E+00  0.000000E+00  0.794556E+05
  0.108565E+01  0.769435E+05  0.765691E+05  0.000000E+00  0.000000E+00  0.000000E+00  0.768861E+05
  0.110759E+01  0.744519E+05  0.740896E+05  0.000000E+00  0.000000E+00  0.000000E+00  0.743964E+05
  0.112996E+01  0.720384E+05  0.716879E+05  0.000000E+00  0.000000E+00  0.000000E+00  0.719847E+05
  0.115279E+01  0.697001E+05  0.693610E+05  0.000000E+00  0.000000E+00  0.000000E+00  0.696481E+05
  0.117607E+01  0.674354E+05  0.671073E+05  0.000000E+00  0.000000E+00  0.000000E+00  0.673851E+05
  0.119983E+01  0.652413E+05  0.649239E+05  0.000000E+00  0.000000E+00  0.000000E+00  0.651927E+05
  0.122407E+01  0.631163E+05  0.628092E+05  0.000000E+00  0.000000E+00  0.000000E+00  0.630692E+05
  0.124880E+01  0.610579E+05  0.607609E+05  0.000000E+00  0.000000E+00  0.000000E+00  0.610124E+05
  0.127403E+01  0.590646E+05  0.587772E+05  0.000000E+00  0.000000E+00  0.000000E+00  0.590205E+05
  0.129976E+01  0.571339E+05  0.568559E+05  0.000000E+00  0.000000E+00  0.000000E+00  0.570913E+05
  0.132602E+01  0.552645E+05  0.549957E+05  0.000000E+00  0.000000E+00  0.000000E+00  0.552233E+05
  0.135281E+01  0.534541E+05  0.531941E+05  0.000000E+00  0.000000E+00  0.000000E+00  0.534143E+05
  0.138014E+01  0.517014E+05  0.514499E+05  0.000000E+00  0.000000E+00  0.000000E+00  0.516629E+05
  0.140802E+01  0.500043E+05  0.497611E+05  0.000000E+00  0.000000E+00  0.000000E+00  0.499671E+05
  0.143646E+01  0.483611E+05  0.481259E+05  0.000000E+00  0.000000E+00  0.000000E+00  0.483251E+05
  0.146548E+01  0.467702E+05  0.465427E+05  0.000000E+00  0.000000E+00  0.000000E+00  0.467353E+05
  0.149508E+01  0.452298E+05  0.450098E+05  0.000000E+00  0.000000E+00  0.000000E+00  0.451961E+05
  0.152529E+01  0.437386E+05  0.435258E+05  0.000000E+00  0.000000E+00  0.000000E+00  0.437060E+05
  0.155610E+01  0.422951E+05  0.420894E+05  0.000000E+00  0.000000E+00  0.000000E+00  0.422636E+05
  0.158753E+01  0.408977E+05  0.406988E+05  0.000000E+00  0.000000E+00  0.000000E+00  0.408672E+05
  0.161960E+01  0.395453E+05  0.393529E+05  0.000000E+00  0.000000E+00  0.000000E+00  0.395158E+05
  0.165232E+01  0.382362E+05  0.380502E+05  0.000000E+00  0.000000E+00  0.000000E+00  0.382077E+05
  0.168570E+01  0.369692E+05  0.367894E+05  0.000000E+00  0.000000E+00  0.000000E+00  0.369417E+05
  0.171975E+01  0.357429E+05  0.355691E+05  0.000000E+00  0.000000E+00  0.000000E+00  0.357163E+05
  0.175450E+01  0.345562E+05  0.343881E+05  0.000000E+00  0.000000E+00  0.000000E+00  0.345305E+05
  0.178994E+01  0.334079E+05  0.332454E+05  0.000000E+00  0.000000E+00  0.000000E+00  0.333830E+05
  0.182610E+01  0.322966E+05  0.321395E+05  0.000000E+00  0.000000E+00  0.000000E+00  0.322726E+05
  0.186299E+01  0.312214E+05  0.310695E+05  0.000000E+00  0.000000E+00  0.000000E+00  0.311981E+05
  0.190062E+01  0.301810E+05  0.300342E+05  0.000000E+00  0.000000E+00  0.000000E+00  0.301585E+05
  0.193902E+01  0.291743E+05  0.290324E+05  0.000000E+00  0.000000E+00  0.000000E+00  0.291525E+05
  0.197819E+01  0.282002E+05  0.280630E+05  0.000000E+00  0.000000E+00  0.000000E+00  0.281792E+05
  0.201815E+01  0.272578E+05  0.271252E+05  0.000000E+00  0.000000E+00  0.000000E+00  0.272375E+05
  0.205892E+01  0.263461E+05  0.262179E+05  0.000000E+00  0.000000E+00  0.000000E+00  0.263264E+05
  0.210051E+01  0.254641E+05  0.253402E+05  0.000000E+00  0.000000E+00  0.000000E+00  0.254451E+05
  0.214295E+01  0.246108E+05  0.244911E+05  0.000000E+00  0.000000E+00  0.000000E+00  0.245924E+05
  0.218624E+01  0.237854E+05  0.236697E+05  0.000000E+00  0.000000E+00  0.000000E+00  0.237677E+05
  0.223040E+01  0.229869E+05  0.228751E+05  0.000000E+00  0.000000E+00  0.000000E+00  0.229698E+05
  0.227546E+01  0.222147E+05  0.221067E+05  0.000000E+00  0.000000E+00  0.000000E+00  0.221982E+05
  0.232143E+01  0.214678E+05  0.213634E+05  0.000000E+00  0.000000E+00  0.000000E+00  0.214518E+05
  0.236832E+01  0.207454E+05  0.206445E+05  0.000000E+00  0.000000E+00  0.000000E+00  0.207299E+05
  0.241617E+01  0.200467E+05  0.199492E+05  0.000000E+00  0.000000E+00  0.000000E+00  0.200318E+05
  0.246497E+01  0.193710E+05  0.192768E+05  0.000000E+00  0.000000E+00  0.000000E+00  0.193566E+05
  0.251477E+01  0.187176E+05  0.186265E+05  0.000000E+00  0.000000E+00  0.000000E+00  0.187036E+05
  0.256557E+01  0.180857E+05  0.179977E+05  0.000000E+00  0.000000E+00  0.000000E+00  0.180722E+05
  0.261740E+01  0.174746E+05  0.173895E+05  0.000000E+00  0.000000E+00  0.000000E+00  0.174615E+05
  0.267027E+01  0.168836E+05  0.168015E+05  0.000000E+00  0.000000E+00  0.000000E+00  0.168710E+05
  0.272422E+01  0.163122E+05  0.162329E+05  0.000000E+00  0.000000E+00  0.000000E+00  0.163001E+05
  0.277925E+01  0.157597E+05  0.156830E+05  0.000000E+00  0.000000E+00  0.000000E+00  0.157480E+05
  0.283540E+01  0.152255E+05  0.151514E+05  0.000000E+00  0.000000E+00  0.000000E+00  0.152142E+05
  0.289268E+01  0.147090E+05  0.146375E+05  0.000000E+00  0.000000E+00  0.000000E+00  0.146981E+05
  0.295111E+01  0.142097E+05  0.141406E+05  0.000000E+00  0.000000E+00  0.000000E+00  0.141991E+05
  0.301073E+01  0.137270E+05  0.136602E+05  0.000000E+00  0.000000E+00  0.000000E+00  0.137168E+05
  0.307155E+01  0.132603E+05  0.131958E+05  0.000000E+00  0.000000E+00  0.000000E+00  0.132504E+05
  0.313360E+01  0.128092E+05  0.127468E+05  0.000000E+00  0.000000E+00  0.000000E+00  0.127996E+05
  0.319690E+01  0.123731E+05  0.123129E+05  0.000000E+00  0.000000E+00  0.000000E+00  0.123639E+05
  0.326148E+01  0.119515E+05  0.118933E+05  0.000000E+00  0.000000E+00  0.000000E+00  0.119426E+05
  0.332737E+01  0.115440E+05  0.114878E+05  0.000000E+00  0.000000E+00  0.000000E+00  0.115354E+05
  0.339459E+01  0.111501E+05  0.110958E+05  0.000000E+00  0.000000E+00  0.000000E+00  0.111417E+05
  0.346316E+01  0.107693E+05  0.107169E+05  0.000000E+00  0.000000E+00  0.000000E+00  0.107613E+05
  0.353312E+01  0.104013E+05  0.103507E+05  0.000000E+00  0.000000E+00  0.000000E+00  0.103936E+05
  0.360449E+01  0.100457E+05  0.999679E+04  0.000000E+00  0.000000E+00  0.000000E+00  0.100382E+05
  0.367731E+01  0.970196E+04  0.965473E+04  0.000000E+00  0.000000E+00  0.000000E+00  0.969473E+04
  0.375160E+01  0.936979E+04  0.932417E+04  0.000000E+00  0.000000E+00  0.000000E+00  0.936280E+04
  0.382739E+01  0.904875E+04  0.900470E+04  0.000000E+00  0.000000E+00  0.000000E+00  0.904200E+04
  0.390470E+01  0.873853E+04  0.869599E+04  0.000000E+00  0.000000E+00  0.000000E+00  0.873202E+04
  0.398358E+01  0.843872E+04  0.839764E+04  0.000000E+00  0.000000E+00  0.000000E+00  0.843243E+04
  0.406406E+01  0.814901E+04  0.810933E+04  0.000000E+00  0.000000E+00  0.000000E+00  0.814293E+04
  0.414616E+01  0.786905E+04  0.783073E+04  0.000000E+00  0.000000E+00  0.000000E+00  0.786318E+04
  0.422991E+01  0.759854E+04  0.756154E+04  0.000000E+00  0.000000E+00  0.000000E+00  0.759287E+04
  0.431536E+01  0.733715E+04  0.730142E+04  0.000000E+00  0.000000E+00  0.000000E+00  0.733168E+04
  0.440254E+01  0.708462E+04  0.705011E+04  0.000000E+00  0.000000E+00  0.000000E+00  0.707933E+04
  0.449148E+01  0.684062E+04  0.680730E+04  0.000000E+00  0.000000E+00  0.000000E+00  0.683551E+04
  0.458221E+01  0.660488E+04  0.657270E+04  0.000000E+00  0.000000E+00  0.000000E+00  0.659995E+04
  0.467478E+01  0.637713E+04  0.634606E+04  0.000000E+00  0.000000E+00  0.000000E+00  0.637237E+04
  0.476922E+01  0.615708E+04  0.612708E+04  0.000000E+00  0.000000E+00  0.000000E+00  0.615248E+04
  0.486556E+01  0.594450E+04  0.591554E+04  0.000000E+00  0.000000E+00  0.000000E+00  0.594007E+04
  0.496385E+01  0.573912E+04  0.571115E+04  0.000000E+00  0.000000E+00  0.000000E+00  0.573484E+04
  0.506413E+01  0.554073E+04  0.551372E+04  0.000000E+00  0.000000E+00  0.000000E+00  0.553659E+04
  0.516643E+01  0.534908E+04  0.532300E+04  0.000000E+00  0.000000E+00  0.000000E+00  0.534508E+04
  0.527080E+01  0.516396E+04  0.513879E+04  0.000000E+00  0.000000E+00  0.000000E+00  0.516010E+04
  0.537728E+01  0.498514E+04  0.496084E+04  0.000000E+00  0.000000E+00  0.000000E+00  0.498142E+04
  0.548590E+01  0.481242E+04  0.478896E+04  0.000000E+00  0.000000E+00  0.000000E+00  0.480883E+04
  0.559673E+01  0.464558E+04  0.462292E+04  0.000000E+00  0.000000E+00  0.000000E+00  0.464211E+04
  0.570979E+01  0.448444E+04  0.446256E+04  0.000000E+00  0.000000E+00  0.000000E+00  0.448108E+04
  0.582513E+01  0.432878E+04  0.430766E+04  0.000000E+00  0.000000E+00  0.000000E+00  0.432554E+04
  0.594281E+01  0.417845E+04  0.415806E+04  0.000000E+00  0.000000E+00  0.000000E+00  0.417533E+04
  0.606286E+01  0.403325E+04  0.401357E+04  0.000000E+00  0.000000E+00  0.000000E+00  0.403024E+04
  0.618534E+01  0.389304E+04  0.387404E+04  0.000000E+00  0.000000E+00  0.000000E+00  0.389013E+04
  0.631029E+01  0.375762E+04  0.373928E+04  0.000000E+00  0.000000E+00  0.000000E+00  0.375481E+04
  0.643777E+01  0.362685E+04  0.360914E+04  0.000000E+00  0.000000E+00  0.000000E+00  0.362414E+04
  0.656782E+01  0.350055E+04  0.348346E+04  0.000000E+00  0.000000E+00  0.000000E+00  0.349793E+04
  0.670050E+01  0.337859E+04  0.336209E+04  0.000000E+00  0.000000E+00  0.000000E+00  0.337606E+04
  0.683586E+01  0.326081E+04  0.324488E+04  0.000000E+00  0.000000E+00  0.000000E+00  0.325837E+04
  0.697395E+01  0.314707E+04  0.313170E+04  0.000000E+00  0.000000E+00  0.000000E+00  0.314472E+04
  0.711483E+01  0.303725E+04  0.302241E+04  0.000000E+00  0.000000E+00  0.000000E+00  0.303498E+04
  0.725856E+01  0.293121E+04  0.291688E+04  0.000000E+00  0.000000E+00  0.000000E+00  0.292902E+04
  0.740520E+01  0.282882E+04  0.281499E+04  0.000000E+00  0.000000E+00  0.000000E+00  0.282670E+04
  0.755479E+01  0.272996E+04  0.271660E+04  0.000000E+00  0.000000E+00  0.000000E+00  0.272791E+04
  0.770741E+01  0.263450E+04  0.262161E+04  0.000000E+00  0.000000E+00  0.000000E+00  0.263252E+04
  0.786311E+01  0.254232E+04  0.252988E+04  0.000000E+00  0.000000E+00  0.000000E+00  0.254042E+04
  0.802195E+01  0.245333E+04  0.244133E+04  0.000000E+00  0.000000E+00  0.000000E+00  0.245150E+04
  0.818401E+01  0.236742E+04  0.235583E+04  0.000000E+00  0.000000E+00  0.000000E+00  0.236564E+04
  0.834933E+01  0.228448E+04  0.227329E+04  0.000000E+00  0.000000E+00  0.000000E+00  0.228276E+04
  0.851801E+01  0.220440E+04  0.219360E+04  0.000000E+00  0.000000E+00  0.000000E+00  0.220274E+04
  0.869008E+01  0.212709E+04  0.211667E+04  0.000000E+00  0.000000E+00  0.000000E+00  0.212549E+04
  0.886563E+01  0.205245E+04  0.204239E+04  0.000000E+00  0.000000E+00  0.000000E+00  0.205091E+04
  0.904472E+01  0.198040E+04  0.197069E+04  0.000000E+00  0.000000E+00  0.000000E+00  0.197891E+04
  0.922744E+01  0.191085E+04  0.190147E+04  0.000000E+00  0.000000E+00  0.000000E+00  0.190941E+04
  0.941385E+01  0.184371E+04  0.183466E+04  0.000000E+00  0.000000E+00  0.000000E+00  0.184232E+04
  0.960402E+01  0.177890E+04  0.177016E+04  0.000000E+00  0.000000E+00  0.000000E+00  0.177756E+04
  0.979803E+01  0.171634E+04  0.170790E+04  0.000000E+00  0.000000E+00  0.000000E+00  0.171504E+04
  0.999597E+01  0.165594E+04  0.164780E+04  0.000000E+00  0.000000E+00  0.000000E+00  0.165470E+04
  0.101979E+02  0.159765E+04  0.158979E+04  0.000000E+00  0.000000E+00  0.000000E+00  0.159645E+04
  0.104039E+02  0.154138E+04  0.153380E+04  0.000000E+00  0.000000E+00  0.000000E+00  0.154022E+04
  0.106141E+02  0.148708E+04  0.147976E+04  0.000000E+00  0.000000E+00  0.000000E+00  0.148596E+04
  0.108285E+02  0.143466E+04  0.142760E+04  0.000000E+00  0.000000E+00  0.000000E+00  0.143358E+04
  0.110472E+02  0.138407E+04  0.137725E+04  0.000000E+00  0.000000E+00  0.000000E+00  0.138302E+04
  0.112704E+02  0.133524E+04  0.132865E+04  0.000000E+00  0.000000E+00  0.000000E+00  0.133423E+04
  0.114981E+02  0.128811E+04  0.128176E+04  0.000000E+00  0.000000E+00  0.000000E+00  0.128714E+04
  0.117304E+02  0.124262E+04  0.123649E+04  0.000000E+00  0.000000E+00  0.000000E+00  0.124168E+04
  0.119673E+02  0.119873E+04  0.119281E+04  0.000000E+00  0.000000E+00  0.000000E+00  0.119782E+04
  0.122091E+02  0.115637E+04  0.115065E+04  0.000000E+00  0.000000E+00  0.000000E+00  0.115549E+04
  0.124557E+02  0.111548E+04  0.110996E+04  0.000000E+00  0.000000E+00  0.000000E+00  0.111464E+04
  0.127074E+02  0.107603E+04  0.107070E+04  0.000000E+00  0.000000E+00  0.000000E+00  0.107521E+04
  0.129641E+02  0.103795E+04  0.103281E+04  0.000000E+00  0.000000E+00  0.000000E+00  0.103716E+04
  0.132260E+02  0.100121E+04  0.996245E+03  0.000000E+00  0.000000E+00  0.000000E+00  0.100045E+04
  0.134932E+02  0.965751E+03  0.960960E+03  0.000000E+00  0.000000E+00  0.000000E+00  0.965017E+03
  0.137657E+02  0.931536E+03  0.926911E+03  0.000000E+00  0.000000E+00  0.000000E+00  0.930828E+03
  0.140438E+02  0.898518E+03  0.894053E+03  0.000000E+00  0.000000E+00  0.000000E+00  0.897834E+03
  0.143275E+02  0.866659E+03  0.862348E+03  0.000000E+00  0.000000E+00  0.000000E+00  0.865998E+03
  0.146170E+02  0.835917E+03  0.831755E+03  0.000000E+00  0.000000E+00  0.000000E+00  0.835279E+03
  0.149122E+02  0.806255E+03  0.802237E+03  0.000000E+00  0.000000E+00  0.000000E+00  0.805640E+03
  0.152135E+02  0.777633E+03  0.773754E+03  0.000000E+00  0.000000E+00  0.000000E+00  0.777038E+03
  0.155208E+02  0.750016E+03  0.746270E+03  0.000000E+00  0.000000E+00  0.000000E+00  0.749442E+03
  0.158344E+02  0.723368E+03  0.719752E+03  0.000000E+00  0.000000E+00  0.000000E+00  0.722815E+03
  0.161542E+02  0.697660E+03  0.694168E+03  0.000000E+00  0.000000E+00  0.000000E+00  0.697125E+03
  0.164806E+02  0.672855E+03  0.669483E+03  0.000000E+00  0.000000E+00  0.000000E+00  0.672339E+03
  0.168135E+02  0.648923E+03  0.645667E+03  0.000000E+00  0.000000E+00  0.000000E+00  0.648424E+03
  0.171532E+02  0.625831E+03  0.622688E+03  0.000000E+00  0.000000E+00  0.000000E+00  0.625350E+03
  0.174997E+02  0.603555E+03  0.600519E+03  0.000000E+00  0.000000E+00  0.000000E+00  0.603090E+03
  0.178532E+02  0.582063E+03  0.579131E+03  0.000000E+00  0.000000E+00  0.000000E+00  0.581614E+03
  0.182138E+02  0.561329E+03  0.558498E+03  0.000000E+00  0.000000E+00  0.000000E+00  0.560896E+03
  0.185818E+02  0.541325E+03  0.538590E+03  0.000000E+00  0.000000E+00  0.000000E+00  0.540906E+03
  0.189572E+02  0.522028E+03  0.519386E+03  0.000000E+00  0.000000E+00  0.000000E+00  0.521623E+03
  0.193401E+02  0.503411E+03  0.500859E+03  0.000000E+00  0.000000E+00  0.000000E+00  0.503020E+03
  0.197308E+02  0.485453E+03  0.482988E+03  0.000000E+00  0.000000E+00  0.000000E+00  0.485075E+03
  0.201294E+02  0.468127E+03  0.465747E+03  0.000000E+00  0.000000E+00  0.000000E+00  0.467763E+03
  0.205361E+02  0.451414E+03  0.449114E+03  0.000000E+00  0.000000E+00  0.000000E+00  0.451062E+03
  0.209509E+02  0.435293E+03  0.433071E+03  0.000000E+00  0.000000E+00  0.000000E+00  0.434953E+03
  0.213742E+02  0.419742E+03  0.417595E+03  0.000000E+00  0.000000E+00  0.000000E+00  0.419413E+03
  0.218059E+02  0.404741E+03  0.402666E+03  0.000000E+00  0.000000E+00  0.000000E+00  0.404423E+03
  0.222464E+02  0.390270E+03  0.388265E+03  0.000000E+00  0.000000E+00  0.000000E+00  0.389963E+03
  0.226958E+02  0.376313E+03  0.374375E+03  0.000000E+00  0.000000E+00  0.000000E+00  0.376016E+03
  0.231543E+02  0.362850E+03  0.360977E+03  0.000000E+00  0.000000E+00  0.000000E+00  0.362563E+03
  0.236221E+02  0.349864E+03  0.348054E+03  0.000000E+00  0.000000E+00  0.000000E+00  0.349586E+03
  0.240993E+02  0.337337E+03  0.335588E+03  0.000000E+00  0.000000E+00  0.000000E+00  0.337069E+03
  0.245861E+02  0.325256E+03  0.323566E+03  0.000000E+00  0.000000E+00  0.000000E+00  0.324997E+03
  0.250828E+02  0.313604E+03  0.311969E+03  0.000000E+00  0.000000E+00  0.000000E+00  0.313353E+03
  0.255895E+02  0.302365E+03  0.300784E+03  0.000000E+00  0.000000E+00  0.000000E+00  0.302123E+03
  0.261064E+02  0.291524E+03  0.289996E+03  0.000000E+00  0.000000E+00  0.000000E+00  0.291290E+03
  0.266338E+02  0.281070E+03  0.279592E+03  0.000000E+00  0.000000E+00  0.000000E+00  0.280843E+03
  0.271719E+02  0.270986E+03  0.269557E+03  0.000000E+00  0.000000E+00  0.000000E+00  0.270767E+03
  0.277208E+02  0.261261E+03  0.259879E+03  0.000000E+00  0.000000E+00  0.000000E+00  0.261050E+03
  0.282808E+02  0.251882E+03  0.250545E+03  0.000000E+00  0.000000E+00  0.000000E+00  0.251677E+03
  0.288521E+02  0.242837E+03  0.241544E+03  0.000000E+00  0.000000E+00  0.000000E+00  0.242639E+03
  0.294349E+02  0.234113E+03  0.232862E+03  0.000000E+00  0.000000E+00  0.000000E+00  0.233922E+03
  0.300295E+02  0.225701E+03  0.224490E+03  0.000000E+00  0.000000E+00  0.000000E+00  0.225515E+03
  0.306362E+02  0.217587E+03  0.216415E+03  0.000000E+00  0.000000E+00  0.000000E+00  0.217408E+03
  0.312551E+02  0.209763E+03  0.208629E+03  0.000000E+00  0.000000E+00  0.000000E+00  0.209590E+03
  0.318865E+02  0.202218E+03  0.201120E+03  0.000000E+00  0.000000E+00  0.000000E+00  0.202049E+03
  0.325306E+02  0.194942E+03  0.193878E+03  0.000000E+00  0.000000E+00  0.000000E+00  0.194779E+03
  0.331878E+02  0.187925E+03  0.186895E+03  0.000000E+00  0.000000E+00  0.000000E+00  0.187767E+03
  0.338582E+02  0.181158E+03  0.180161E+03  0.000000E+00  0.000000E+00  0.000000E+00  0.181005E+03
  0.345422E+02  0.174633E+03  0.173668E+03  0.000000E+00  0.000000E+00  0.000000E+00  0.174485E+03
  0.352400E+02  0.168341E+03  0.167406E+03  0.000000E+00  0.000000E+00  0.000000E+00  0.168198E+03
  0.359519E+02  0.162274E+03  0.161368E+03  0.000000E+00  0.000000E+00  0.000000E+00  0.162135E+03
  0.366782E+02  0.156424E+03  0.155545E+03  0.000000E+00  0.000000E+00  0.000000E+00  0.156289E+03
  0.374191E+02  0.150782E+03  0.149931E+03  0.000000E+00  0.000000E+00  0.000000E+00  0.150652E+03
  0.381750E+02  0.145343E+03  0.144517E+03  0.000000E+00  0.000000E+00  0.000000E+00  0.145216E+03
  0.389462E+02  0.140098E+03  0.139297E+03  0.000000E+00  0.000000E+00  0.000000E+00  0.139975E+03
  0.397330E+02  0.135040E+03  0.134264E+03  0.000000E+00  0.000000E+00  0.000000E+00  0.134921E+03
  0.405356E+02  0.130164E+03  0.129411E+03  0.000000E+00  0.000000E+00  0.000000E+00  0.130048E+03
  0.413545E+02  0.125462E+03  0.124731E+03  0.000000E+00  0.000000E+00  0.000000E+00  0.125350E+03
  0.421899E+02  0.120928E+03  0.120220E+03  0.000000E+00  0.000000E+00  0.000000E+00  0.120820E+03
  0.430422E+02  0.116557E+03  0.115869E+03  0.000000E+00  0.000000E+00  0.000000E+00  0.116452E+03
  0.439117E+02  0.112343E+03  0.111675E+03  0.000000E+00  0.000000E+00  0.000000E+00  0.112240E+03
  0.447988E+02  0.108279E+03  0.107631E+03  0.000000E+00  0.000000E+00  0.000000E+00  0.108180E+03
  0.457038E+02  0.104361E+03  0.103732E+03  0.000000E+00  0.000000E+00  0.000000E+00  0.104265E+03
  0.466271E+02  0.100584E+03  0.999725E+02  0.000000E+00  0.000000E+00  0.000000E+00  0.100490E+03
  0.475690E+02  0.969426E+02  0.963483E+02  0.000000E+00  0.000000E+00  0.000000E+00  0.968515E+02
  0.485300E+02  0.934315E+02  0.928538E+02  0.000000E+00  0.000000E+00  0.000000E+00  0.933430E+02
  0.495103E+02  0.900466E+02  0.894851E+02  0.000000E+00  0.000000E+00  0.000000E+00  0.899606E+02
  0.505105E+02  0.867832E+02  0.862371E+02  0.000000E+00  0.000000E+00  0.000000E+00  0.866996E+02
  0.515309E+02  0.836371E+02  0.831059E+02  0.000000E+00  0.000000E+00  0.000000E+00  0.835557E+02
  0.525719E+02  0.806039E+02  0.800872E+02  0.000000E+00  0.000000E+00  0.000000E+00  0.805248E+02
  0.536339E+02  0.776799E+02  0.771770E+02  0.000000E+00  0.000000E+00  0.000000E+00  0.776029E+02
  0.547174E+02  0.748609E+02  0.743713E+02  0.000000E+00  0.000000E+00  0.000000E+00  0.747859E+02
  0.558228E+02  0.721433E+02  0.716665E+02  0.000000E+00  0.000000E+00  0.000000E+00  0.720703E+02
  0.569505E+02  0.695236E+02  0.690591E+02  0.000000E+00  0.000000E+00  0.000000E+00  0.694524E+02
  0.581010E+02  0.669980E+02  0.665455E+02  0.000000E+00  0.000000E+00  0.000000E+00  0.669287E+02
  0.592747E+02  0.645635E+02  0.641224E+02  0.000000E+00  0.000000E+00  0.000000E+00  0.644959E+02
  0.604721E+02  0.622164E+02  0.617864E+02  0.000000E+00  0.000000E+00  0.000000E+00  0.621506E+02
  0.616937E+02  0.599541E+02  0.595347E+02  0.000000E+00  0.000000E+00  0.000000E+00  0.598899E+02
  0.629400E+02  0.577731E+02  0.573640E+02  0.000000E+00  0.000000E+00  0.000000E+00  0.577104E+02
  0.642115E+02  0.556709E+02  0.552716E+02  0.000000E+00  0.000000E+00  0.000000E+00  0.556097E+02
  0.655086E+02  0.536443E+02  0.532545E+02  0.000000E+00  0.000000E+00  0.000000E+00  0.535846E+02
  0.668320E+02  0.516909E+02  0.513102E+02  0.000000E+00  0.000000E+00  0.000000E+00  0.516325E+02
  0.681821E+02  0.498078E+02  0.494360E+02  0.000000E+00  0.000000E+00  0.000000E+00  0.497509E+02
  0.695594E+02  0.479928E+02  0.476294E+02  0.000000E+00  0.000000E+00  0.000000E+00  0.479371E+02
  0.709647E+02  0.462432E+02  0.458880E+02  0.000000E+00  0.000000E+00  0.000000E+00  0.461888E+02
  0.723982E+02  0.445568E+02  0.442095E+02  0.000000E+00  0.000000E+00  0.000000E+00  0.445036E+02
  0.738608E+02  0.429312E+02  0.425915E+02  0.000000E+00  0.000000E+00  0.000000E+00  0.428792E+02
  0.753528E+02  0.413644E+02  0.410319E+02  0.000000E+00  0.000000E+00  0.000000E+00  0.413135E+02
  0.768751E+02  0.398542E+02  0.395287E+02  0.000000E+00  0.000000E+00  0.000000E+00  0.398043E+02
  0.784280E+02  0.383985E+02  0.380798E+02  0.000000E+00  0.000000E+00  0.000000E+00  0.383497E+02
  0.800124E+02  0.369954E+02  0.366832E+02  0.000000E+00  0.000000E+00  0.000000E+00  0.369476E+02
  0.816287E+02  0.356432E+02  0.353372E+02  0.000000E+00  0.000000E+00  0.000000E+00  0.355963E+02
  0.832778E+02  0.343397E+02  0.340398E+02  0.000000E+00  0.000000E+00  0.000000E+00  0.342938E+02
  0.849601E+02  0.330835E+02  0.327893E+02  0.000000E+00  0.000000E+00  0.000000E+00  0.330384E+02
  0.866764E+02  0.318726E+02  0.315841E+02  0.000000E+00  0.000000E+00  0.000000E+00  0.318284E+02
  0.884274E+02  0.307057E+02  0.304224E+02  0.000000E+00  0.000000E+00  0.000000E+00  0.306623E+02
  0.902138E+02  0.295809E+02  0.293028E+02  0.000000E+00  0.000000E+00  0.000000E+00  0.295383E+02
  0.920362E+02  0.284968E+02  0.282238E+02  0.000000E+00  0.000000E+00  0.000000E+00  0.284550E+02
  0.938955E+02  0.274521E+02  0.271838E+02  0.000000E+00  0.000000E+00  0.000000E+00  0.274110E+02
  0.957922E+02  0.264452E+02  0.261815E+02  0.000000E+00  0.000000E+00  0.000000E+00  0.264048E+02
  0.977274E+02  0.254748E+02  0.252155E+02  0.000000E+00  0.000000E+00  0.000000E+00  0.254350E+02
  0.997017E+02  0.245395E+02  0.242845E+02  0.000000E+00  0.000000E+00  0.000000E+00  0.245004E+02
  0.101716E+03  0.236381E+02  0.233872E+02  0.000000E+00  0.000000E+00  0.000000E+00  0.235997E+02
  0.103770E+03  0.227695E+02  0.225226E+02  0.000000E+00  0.000000E+00  0.000000E+00  0.227317E+02
  0.105867E+03  0.219323E+02  0.216892E+02  0.000000E+00  0.000000E+00  0.000000E+00  0.218951E+02
  0.108006E+03  0.211255E+02  0.208860E+02  0.000000E+00  0.000000E+00  0.000000E+00  0.210888E+02
  0.110187E+03  0.203480E+02  0.201121E+02  0.000000E+00  0.000000E+00  0.000000E+00  0.203119E+02
  0.112413E+03  0.195988E+02  0.193662E+02  0.000000E+00  0.000000E+00  0.000000E+00  0.195631E+02
  0.114684E+03  0.188767E+02  0.186474E+02  0.000000E+00  0.000000E+00  0.000000E+00  0.188415E+02
  0.117001E+03  0.181808E+02  0.179547E+02  0.000000E+00  0.000000E+00  0.000000E+00  0.181462E+02
  0.119365E+03  0.175102E+02  0.172871E+02  0.000000E+00  0.000000E+00  0.000000E+00  0.174760E+02
  0.121776E+03  0.168640E+02  0.166439E+02  0.000000E+00  0.000000E+00  0.000000E+00  0.168303E+02
  0.124236E+03  0.162413E+02  0.160239E+02  0.000000E+00  0.000000E+00  0.000000E+00  0.162080E+02
  0.126746E+03  0.156412E+02  0.154265E+02  0.000000E+00  0.000000E+00  0.000000E+00  0.156083E+02
  0.129306E+03  0.150629E+02  0.148509E+02  0.000000E+00  0.000000E+00  0.000000E+00  0.150304E+02
  0.131918E+03  0.145057E+02  0.142962E+02  0.000000E+00  0.000000E+00  0.000000E+00  0.144736E+02
  0.134583E+03  0.139687E+02  0.137617E+02  0.000000E+00  0.000000E+00  0.000000E+00  0.139370E+02
  0.137302E+03  0.134513E+02  0.132466E+02  0.000000E+00  0.000000E+00  0.000000E+00  0.134199E+02
  0.140076E+03  0.129527E+02  0.127502E+02  0.000000E+00  0.000000E+00  0.000000E+00  0.129217E+02
  0.142905E+03  0.124723E+02  0.122720E+02  0.000000E+00  0.000000E+00  0.000000E+00  0.124416E+02
  0.145792E+03  0.120093E+02  0.118112E+02  0.000000E+00  0.000000E+00  0.000000E+00  0.119790E+02
  0.148737E+03  0.115632E+02  0.113671E+02  0.000000E+00  0.000000E+00  0.000000E+00  0.115332E+02
  0.151742E+03  0.111334E+02  0.109392E+02  0.000000E+00  0.000000E+00  0.000000E+00  0.111037E+02
  0.154808E+03  0.107192E+02  0.105270E+02  0.000000E+00  0.000000E+00  0.000000E+00  0.106898E+02
  0.157935E+03  0.103202E+02  0.101298E+02  0.000000E+00  0.000000E+00  0.000000E+00  0.102910E+02
  0.161125E+03  0.993570E+01  0.974707E+01  0.000000E+00  0.000000E+00  0.000000E+00  0.990680E+01
  0.164380E+03  0.956521E+01  0.937832E+01  0.000000E+00  0.000000E+00  0.000000E+00  0.953658E+01
  0.167701E+03  0.920825E+01  0.902303E+01  0.000000E+00  0.000000E+00  0.000000E+00  0.917987E+01
  0.171089E+03  0.886434E+01  0.868075E+01  0.000000E+00  0.000000E+00  0.000000E+00  0.883622E+01
  0.174545E+03  0.853296E+01  0.835095E+01  0.000000E+00  0.000000E+00  0.000000E+00  0.850508E+01
  0.178071E+03  0.821369E+01  0.803321E+01  0.000000E+00  0.000000E+00  0.000000E+00  0.818604E+01
  0.181668E+03  0.790608E+01  0.772710E+01  0.000000E+00  0.000000E+00  0.000000E+00  0.787866E+01
  0.185338E+03  0.760974E+01  0.743222E+01  0.000000E+00  0.000000E+00  0.000000E+00  0.758255E+01
  0.189082E+03  0.732421E+01  0.714810E+01  0.000000E+00  0.000000E+00  0.000000E+00  0.729724E+01
  0.192902E+03  0.704913E+01  0.687440E+01  0.000000E+00  0.000000E+00  0.000000E+00  0.702236E+01
  0.196799E+03  0.678411E+01  0.661073E+01  0.000000E+00  0.000000E+00  0.000000E+00  0.675755E+01
  0.200774E+03  0.652881E+01  0.635676E+01  0.000000E+00  0.000000E+00  0.000000E+00  0.650246E+01
  0.204830E+03  0.628284E+01  0.611209E+01  0.000000E+00  0.000000E+00  0.000000E+00  0.625669E+01
  0.208968E+03  0.604589E+01  0.587640E+01  0.000000E+00  0.000000E+00  0.000000E+00  0.601992E+01
  0.213190E+03  0.581761E+01  0.564938E+01  0.000000E+00  0.000000E+00  0.000000E+00  0.579184E+01
  0.217496E+03  0.559773E+01  0.543072E+01  0.000000E+00  0.000000E+00  0.000000E+00  0.557215E+01
  0.221890E+03  0.538590E+01  0.522010E+01  0.000000E+00  0.000000E+00  0.000000E+00  0.536050E+01
  0.226373E+03  0.518184E+01  0.501723E+01  0.000000E+00  0.000000E+00  0.000000E+00  0.515662E+01
  0.230946E+03  0.498528E+01  0.482184E+01  0.000000E+00  0.000000E+00  0.000000E+00  0.496024E+01
  0.235611E+03  0.479595E+01  0.463368E+01  0.000000E+00  0.000000E+00  0.000000E+00  0.477110E+01
  0.240370E+03  0.461357E+01  0.445245E+01  0.000000E+00  0.000000E+00  0.000000E+00  0.458889E+01
  0.245226E+03  0.443790E+01  0.427793E+01  0.000000E+00  0.000000E+00  0.000000E+00  0.441340E+01
  0.250180E+03  0.426870E+01  0.410986E+01  0.000000E+00  0.000000E+00  0.000000E+00  0.424437E+01
  0.255235E+03  0.410573E+01  0.394803E+01  0.000000E+00  0.000000E+00  0.000000E+00  0.408157E+01
  0.260390E+03  0.394879E+01  0.379221E+01  0.000000E+00  0.000000E+00  0.000000E+00  0.392480E+01
  0.265651E+03  0.379762E+01  0.364216E+01  0.000000E+00  0.000000E+00  0.000000E+00  0.377380E+01
  0.271017E+03  0.365203E+01  0.349770E+01  0.000000E+00  0.000000E+00  0.000000E+00  0.362839E+01
  0.276492E+03  0.351182E+01  0.335861E+01  0.000000E+00  0.000000E+00  0.000000E+00  0.348835E+01
  0.282077E+03  0.337681E+01  0.322473E+01  0.000000E+00  0.000000E+00  0.000000E+00  0.335351E+01
  0.287776E+03  0.324678E+01  0.309584E+01  0.000000E+00  0.000000E+00  0.000000E+00  0.322366E+01
  0.293589E+03  0.312158E+01  0.297177E+01  0.000000E+00  0.000000E+00  0.000000E+00  0.309863E+01
  0.299520E+03  0.300102E+01  0.285235E+01  0.000000E+00  0.000000E+00  0.000000E+00  0.297824E+01
  0.305571E+03  0.288494E+01  0.273743E+01  0.000000E+00  0.000000E+00  0.000000E+00  0.286235E+01
  0.311744E+03  0.277317E+01  0.262682E+01  0.000000E+00  0.000000E+00  0.000000E+00  0.275075E+01
  0.318042E+03  0.266556E+01  0.252039E+01  0.000000E+00  0.000000E+00  0.000000E+00  0.264332E+01
  0.324467E+03  0.256196E+01  0.241797E+01  0.000000E+00  0.000000E+00  0.000000E+00  0.253991E+01
  0.331021E+03  0.246224E+01  0.231945E+01  0.000000E+00  0.000000E+00  0.000000E+00  0.244036E+01
  0.337708E+03  0.236623E+01  0.222465E+01  0.000000E+00  0.000000E+00  0.000000E+00  0.234454E+01
  0.344530E+03  0.227382E+01  0.213346E+01  0.000000E+00  0.000000E+00  0.000000E+00  0.225232E+01
  0.351490E+03  0.218487E+01  0.204575E+01  0.000000E+00  0.000000E+00  0.000000E+00  0.216356E+01
  0.358590E+03  0.209926E+01  0.196141E+01  0.000000E+00  0.000000E+00  0.000000E+00  0.207814E+01
  0.365835E+03  0.201687E+01  0.188029E+01  0.000000E+00  0.000000E+00  0.000000E+00  0.199595E+01
  0.373225E+03  0.193758E+01  0.180229E+01  0.000000E+00  0.000000E+00  0.000000E+00  0.191686E+01
  0.380765E+03  0.186128E+01  0.172730E+01  0.000000E+00  0.000000E+00  0.000000E+00  0.184076E+01
  0.388456E+03  0.178788E+01  0.165523E+01  0.000000E+00  0.000000E+00  0.000000E+00  0.176756E+01
  0.396304E+03  0.171724E+01  0.158594E+01  0.000000E+00  0.000000E+00  0.000000E+00  0.169713E+01
  0.404310E+03  0.164929E+01  0.151936E+01  0.000000E+00  0.000000E+00  0.000000E+00  0.162939E+01
  0.412478E+03  0.158393E+01  0.145538E+01  0.000000E+00  0.000000E+00  0.000000E+00  0.156423E+01
  0.420811E+03  0.152105E+01  0.139391E+01  0.000000E+00  0.000000E+00  0.000000E+00  0.150158E+01
  0.429311E+03  0.146059E+01  0.133487E+01  0.000000E+00  0.000000E+00  0.000000E+00  0.144133E+01
  0.437984E+03  0.140243E+01  0.127815E+01  0.000000E+00  0.000000E+00  0.000000E+00  0.138339E+01
  0.446832E+03  0.134651E+01  0.122369E+01  0.000000E+00  0.000000E+00  0.000000E+00  0.132769E+01
  0.455859E+03  0.129274E+01  0.117140E+01  0.000000E+00  0.000000E+00  0.000000E+00  0.127415E+01
  0.465067E+03  0.124105E+01  0.112121E+01  0.000000E+00  0.000000E+00  0.000000E+00  0.122269E+01
  0.474462E+03  0.119135E+01  0.107303E+01  0.000000E+00  0.000000E+00  0.000000E+00  0.117323E+01
  0.484047E+03  0.114359E+01  0.102679E+01  0.000000E+00  0.000000E+00  0.000000E+00  0.112570E+01
  0.493826E+03  0.109768E+01  0.982430E+00  0.000000E+00  0.000000E+00  0.000000E+00  0.108003E+01
  0.503801E+03  0.105357E+01  0.939876E+00  0.000000E+00  0.000000E+00  0.000000E+00  0.103615E+01
  0.513979E+03  0.101118E+01  0.899058E+00  0.000000E+00  0.000000E+00  0.000000E+00  0.994002E+00
  0.524362E+03  0.970450E+00  0.859914E+00  0.000000E+00  0.000000E+00  0.000000E+00  0.953517E+00
  0.534955E+03  0.931325E+00  0.822383E+00  0.000000E+00  0.000000E+00  0.000000E+00  0.914637E+00
  0.545761E+03  0.893748E+00  0.786409E+00  0.000000E+00  0.000000E+00  0.000000E+00  0.877305E+00
  0.556786E+03  0.857654E+00  0.751926E+00  0.000000E+00  0.000000E+00  0.000000E+00  0.841458E+00
  0.568034E+03  0.822994E+00  0.718881E+00  0.000000E+00  0.000000E+00  0.000000E+00  0.807045E+00
  0.579510E+03  0.789712E+00  0.687219E+00  0.000000E+00  0.000000E+00  0.000000E+00  0.774012E+00
  0.591216E+03  0.757762E+00  0.656891E+00  0.000000E+00  0.000000E+00  0.000000E+00  0.742310E+00
  0.603159E+03  0.727088E+00  0.627839E+00  0.000000E+00  0.000000E+00  0.000000E+00  0.711884E+00
  0.615344E+03  0.697644E+00  0.600016E+00  0.000000E+00  0.000000E+00  0.000000E+00  0.682689E+00
  0.627775E+03  0.669385E+00  0.573375E+00  0.000000E+00  0.000000E+00  0.000000E+00  0.654678E+00
  0.640456E+03  0.642267E+00  0.547870E+00  0.000000E+00  0.000000E+00  0.000000E+00  0.627807E+00
  0.653395E+03  0.616243E+00  0.523452E+00  0.000000E+00  0.000000E+00  0.000000E+00  0.602029E+00
  0.666594E+03  0.591273E+00  0.500079E+00  0.000000E+00  0.000000E+00  0.000000E+00  0.577303E+00
  0.680061E+03  0.567315E+00  0.477708E+00  0.000000E+00  0.000000E+00  0.000000E+00  0.553589E+00
  0.693799E+03  0.544331E+00  0.456300E+00  0.000000E+00  0.000000E+00  0.000000E+00  0.530846E+00
  0.707814E+03  0.522285E+00  0.435816E+00  0.000000E+00  0.000000E+00  0.000000E+00  0.509040E+00
  0.722113E+03  0.501136E+00  0.416213E+00  0.000000E+00  0.000000E+00  0.000000E+00  0.488127E+00
  0.736701E+03  0.480849E+00  0.397458E+00  0.000000E+00  0.000000E+00  0.000000E+00  0.468075E+00
  0.751584E+03  0.461392E+00  0.379514E+00  0.000000E+00  0.000000E+00  0.000000E+00  0.448849E+00
  0.766766E+03  0.442731E+00  0.362348E+00  0.000000E+00  0.000000E+00  0.000000E+00  0.430417E+00
  0.782256E+03  0.424831E+00  0.345925E+00  0.000000E+00  0.000000E+00  0.000000E+00  0.412744E+00
  0.798059E+03  0.407664E+00  0.330214E+00  0.000000E+00  0.000000E+00  0.000000E+00  0.395800E+00
  0.814181E+03  0.391199E+00  0.315186E+00  0.000000E+00  0.000000E+00  0.000000E+00  0.379555E+00
  0.830627E+03  0.375408E+00  0.300812E+00  0.000000E+00  0.000000E+00  0.000000E+00  0.363981E+00
  0.847407E+03  0.360262E+00  0.287061E+00  0.000000E+00  0.000000E+00  0.000000E+00  0.349049E+00
  0.864527E+03  0.345735E+00  0.273909E+00  0.000000E+00  0.000000E+00  0.000000E+00  0.334732E+00
  0.881992E+03  0.331801E+00  0.261330E+00  0.000000E+00  0.000000E+00  0.000000E+00  0.321006E+00
  0.899808E+03  0.318437E+00  0.249301E+00  0.000000E+00  0.000000E+00  0.000000E+00  0.307846E+00
  0.917985E+03  0.305616E+00  0.237796E+00  0.000000E+00  0.000000E+00  0.000000E+00  0.295227E+00
  0.936530E+03  0.293318E+00  0.226795E+00  0.000000E+00  0.000000E+00  0.000000E+00  0.283128E+00
  0.955450E+03  0.281521E+00  0.216276E+00  0.000000E+00  0.000000E+00  0.000000E+00  0.271526E+00
  0.974750E+03  0.270204E+00  0.206221E+00  0.000000E+00  0.000000E+00  0.000000E+00  0.260403E+00
  0.994442E+03  0.259347E+00  0.196608E+00  0.000000E+00  0.000000E+00  0.000000E+00  0.249736E+00
  0.101453E+04  0.248930E+00  0.187419E+00  0.000000E+00  0.000000E+00  0.000000E+00  0.239508E+00
