  0.101522E-04  0.774844E+06  0.774844E+06  0.103311E+07  0.103311E+07  0.000000E+00  0.774844E+06
  0.163964E-04  0.774844E+06  0.774844E+06  0.103308E+07  0.103308E+07  0.000000E+00  0.774844E+06
  0.264812E-04  0.774842E+06  0.774842E+06  0.103300E+07  0.103300E+07  0.000000E+00  0.774842E+06
  0.427687E-04  0.774838E+06  0.774838E+06  0.103281E+07  0.103280E+07  0.000000E+00  0.774838E+06
  0.690739E-04  0.774827E+06  0.774826E+06  0.103230E+07  0.103227E+07  0.000000E+00  0.774827E+06
  0.111558E-03  0.774798E+06  0.774797E+06  0.103097E+07  0.103089E+07  0.000000E+00  0.774798E+06
  0.180173E-03  0.774723E+06  0.774720E+06  0.102751E+07  0.102731E+07  0.000000E+00  0.774722E+06
  0.290991E-03  0.774527E+06  0.774519E+06  0.101854E+07  0.101803E+07  0.000000E+00  0.774526E+06
  0.469967E-03  0.774019E+06  0.773996E+06  0.995481E+06  0.994164E+06  0.000000E+00  0.774015E+06
  0.759025E-03  0.772704E+06  0.772644E+06  0.937544E+06  0.934330E+06  0.000000E+00  0.772694E+06
  0.122587E-02  0.769351E+06  0.769197E+06  0.800618E+06  0.793604E+06  0.000000E+00  0.769328E+06
  0.197985E-02  0.761101E+06  0.760700E+06  0.525524E+06  0.514518E+06  0.000000E+00  0.761040E+06
  0.319758E-02  0.742382E+06  0.741348E+06  0.171690E+06  0.168338E+06  0.000000E+00  0.742223E+06
  0.516427E-02  0.705897E+06  0.703277E+06  0.452069E+05  0.560928E+05  0.000000E+00  0.705496E+06
  0.834061E-02  0.645894E+06  0.639453E+06  0.210779E+05  0.179801E+05  0.000000E+00  0.644908E+06
  0.125109E-01  0.573058E+06  0.559908E+06  0.800183E+04  0.000000E+00  0.000000E+00  0.571044E+06
  0.166812E-01  0.507521E+06  0.486774E+06  0.340247E+04  0.000000E+00  0.000000E+00  0.504343E+06
  0.208515E-01  0.448753E+06  0.420666E+06  0.251019E+04  0.000000E+00  0.000000E+00  0.444451E+06
  0.250218E-01  0.396492E+06  0.362334E+06  0.165634E+04  0.000000E+00  0.000000E+00  0.391260E+06
  0.291921E-01  0.350828E+06  0.312611E+06  0.102844E+04  0.000000E+00  0.000000E+00  0.344974E+06
  0.333624E-01  0.311767E+06  0.271887E+06  0.748241E+03  0.000000E+00  0.000000E+00  0.305658E+06
  0.375327E-01  0.279098E+06  0.239949E+06  0.257334E+03  0.000000E+00  0.000000E+00  0.273101E+06
  0.417030E-01  0.252322E+06  0.215952E+06  0.262508E+03  0.000000E+00  0.000000E+00  0.246751E+06
  0.458733E-01  0.230605E+06  0.198467E+06  0.000000E+00  0.000000E+00  0.000000E+00  0.225682E+06
  0.500436E-01  0.213233E+06  0.186057E+06  0.000000E+00  0.000000E+00  0.000000E+00  0.209070E+06
  0.542139E-01  0.198914E+06  0.176702E+06  0.000000E+00  0.000000E+00  0.000000E+00  0.195512E+06
  0.583842E-01  0.186786E+06  0.168925E+06  0.000000E+00  0.000000E+00  0.000000E+00  0.184050E+06
  0.625545E-01  0.175979E+06  0.161435E+06  0.000000E+00  0.000000E+00  0.000000E+00  0.173751E+06
  0.667249E-01  0.165890E+06  0.153439E+06  0.000000E+00  0.000000E+00  0.000000E+00  0.163983E+06
  0.708952E-01  0.156141E+06  0.144590E+06  0.000000E+00  0.000000E+00  0.000000E+00  0.154371E+06
  0.750655E-01  0.146597E+06  0.134974E+06  0.000000E+00  0.000000E+00  0.000000E+00  0.144816E+06
  0.792358E-01  0.137324E+06  0.124993E+06  0.000000E+00  0.000000E+00  0.000000E+00  0.135435E+06
  0.834061E-01  0.128486E+06  0.115196E+06  0.000000E+00  0.000000E+00  0.000000E+00  0.126450E+06
  0.875764E-01  0.120264E+06  0.106120E+06  0.000000E+00  0.000000E+00  0.000000E+00  0.118097E+06
  0.938217E-01  0.109440E+06  0.947702E+05  0.000000E+00  0.000000E+00  0.000000E+00  0.107193E+06
  0.100067E+00  0.100672E+06  0.866976E+05  0.000000E+00  0.000000E+00  0.000000E+00  0.985311E+05
  0.106312E+00  0.938525E+05  0.816169E+05  0.000000E+00  0.000000E+00  0.000000E+00  0.919782E+05
  0.112558E+00  0.884766E+05  0.784495E+05  0.000000E+00  0.000000E+00  0.000000E+00  0.869406E+05
  0.118803E+00  0.839145E+05  0.758998E+05  0.000000E+00  0.000000E+00  0.000000E+00  0.826868E+05
  0.125048E+00  0.795843E+05  0.728979E+05  0.000000E+00  0.000000E+00  0.000000E+00  0.785600E+05
  0.131294E+00  0.751010E+05  0.688987E+05  0.000000E+00  0.000000E+00  0.000000E+00  0.741509E+05
  0.137539E+00  0.704491E+05  0.640520E+05  0.000000E+00  0.000000E+00  0.000000E+00  0.694691E+05
  0.143784E+00  0.658796E+05  0.589769E+05  0.000000E+00  0.000000E+00  0.000000E+00  0.648222E+05
  0.150030E+00  0.616528E+05  0.543293E+05  0.000000E+00  0.000000E+00  0.000000E+00  0.605309E+05
  0.156275E+00  0.579621E+05  0.505781E+05  0.000000E+00  0.000000E+00  0.000000E+00  0.568310E+05
  0.162520E+00  0.549204E+05  0.479156E+05  0.000000E+00  0.000000E+00  0.000000E+00  0.538474E+05
  0.168766E+00  0.524692E+05  0.461772E+05  0.000000E+00  0.000000E+00  0.000000E+00  0.515054E+05
  0.175011E+00  0.503970E+05  0.449346E+05  0.000000E+00  0.000000E+00  0.000000E+00  0.495603E+05
  0.181256E+00  0.484820E+05  0.437408E+05  0.000000E+00  0.000000E+00  0.000000E+00  0.477558E+05
  0.187502E+00  0.465704E+05  0.422919E+05  0.000000E+00  0.000000E+00  0.000000E+00  0.459150E+05
  0.193747E+00  0.445835E+05  0.404740E+05  0.000000E+00  0.000000E+00  0.000000E+00  0.439540E+05
  0.199992E+00  0.425328E+05  0.383701E+05  0.000000E+00  0.000000E+00  0.000000E+00  0.418952E+05
  0.206238E+00  0.405069E+05  0.362007E+05  0.000000E+00  0.000000E+00  0.000000E+00  0.398473E+05
  0.212483E+00  0.386114E+05  0.342052E+05  0.000000E+00  0.000000E+00  0.000000E+00  0.379364E+05
  0.218728E+00  0.369227E+05  0.325487E+05  0.000000E+00  0.000000E+00  0.000000E+00  0.362527E+05
  0.224974E+00  0.354702E+05  0.312812E+05  0.000000E+00  0.000000E+00  0.000000E+00  0.348285E+05
  0.231219E+00  0.342271E+05  0.303351E+05  0.000000E+00  0.000000E+00  0.000000E+00  0.336309E+05
  0.237464E+00  0.331223E+05  0.295631E+05  0.000000E+00  0.000000E+00  0.000000E+00  0.325771E+05
  0.243710E+00  0.320767E+05  0.288094E+05  0.000000E+00  0.000000E+00  0.000000E+00  0.315762E+05
  0.249955E+00  0.310352E+05  0.279685E+05  0.000000E+00  0.000000E+00  0.000000E+00  0.305655E+05
  0.256200E+00  0.299757E+05  0.270070E+05  0.000000E+00  0.000000E+00  0.000000E+00  0.295209E+05
  0.262446E+00  0.289043E+05  0.259561E+05  0.000000E+00  0.000000E+00  0.000000E+00  0.284527E+05
  0.268691E+00  0.278498E+05  0.248891E+05  0.000000E+00  0.000000E+00  0.000000E+00  0.273963E+05
  0.274936E+00  0.268507E+05  0.238905E+05  0.000000E+00  0.000000E+00  0.000000E+00  0.263972E+05
  0.281182E+00  0.259361E+05  0.230199E+05  0.000000E+00  0.000000E+00  0.000000E+00  0.254894E+05
  0.287427E+00  0.251132E+05  0.222921E+05  0.000000E+00  0.000000E+00  0.000000E+00  0.246810E+05
  0.293672E+00  0.243700E+05  0.216822E+05  0.000000E+00  0.000000E+00  0.000000E+00  0.239582E+05
  0.299918E+00  0.236858E+05  0.211443E+05  0.000000E+00  0.000000E+00  0.000000E+00  0.232965E+05
  0.306163E+00  0.230366E+05  0.206279E+05  0.000000E+00  0.000000E+00  0.000000E+00  0.226676E+05
  0.312408E+00  0.223997E+05  0.200928E+05  0.000000E+00  0.000000E+00  0.000000E+00  0.220463E+05
  0.318654E+00  0.217639E+05  0.195231E+05  0.000000E+00  0.000000E+00  0.000000E+00  0.214207E+05
  0.324899E+00  0.211322E+05  0.189291E+05  0.000000E+00  0.000000E+00  0.000000E+00  0.207947E+05
  0.331144E+00  0.205145E+05  0.183354E+05  0.000000E+00  0.000000E+00  0.000000E+00  0.201807E+05
  0.337390E+00  0.199223E+05  0.177690E+05  0.000000E+00  0.000000E+00  0.000000E+00  0.195925E+05
  0.343635E+00  0.193654E+05  0.172507E+05  0.000000E+00  0.000000E+00  0.000000E+00  0.190415E+05
  0.349880E+00  0.188478E+05  0.167881E+05  0.000000E+00  0.000000E+00  0.000000E+00  0.185322E+05
  0.356126E+00  0.183658E+05  0.163739E+05  0.000000E+00  0.000000E+00  0.000000E+00  0.180607E+05
  0.362371E+00  0.179120E+05  0.159927E+05  0.000000E+00  0.000000E+00  0.000000E+00  0.176180E+05
  0.368617E+00  0.174780E+05  0.156273E+05  0.000000E+00  0.000000E+00  0.000000E+00  0.171945E+05
  0.374862E+00  0.170561E+05  0.152636E+05  0.000000E+00  0.000000E+00  0.000000E+00  0.167815E+05
  0.381107E+00  0.166416E+05  0.148948E+05  0.000000E+00  0.000000E+00  0.000000E+00  0.163740E+05
  0.387353E+00  0.162345E+05  0.145227E+05  0.000000E+00  0.000000E+00  0.000000E+00  0.159723E+05
  0.393598E+00  0.158377E+05  0.141548E+05  0.000000E+00  0.000000E+00  0.000000E+00  0.155799E+05
  0.399843E+00  0.154546E+05  0.137996E+05  0.000000E+00  0.000000E+00  0.000000E+00  0.152011E+05
  0.406089E+00  0.150879E+05  0.134638E+05  0.000000E+00  0.000000E+00  0.000000E+00  0.148391E+05
  0.407457E+00  0.150099E+05  0.133933E+05  0.000000E+00  0.000000E+00  0.000000E+00  0.147623E+05
  0.415689E+00  0.145596E+05  0.129921E+05  0.000000E+00  0.000000E+00  0.000000E+00  0.143195E+05
  0.424086E+00  0.141297E+05  0.126173E+05  0.000000E+00  0.000000E+00  0.000000E+00  0.138980E+05
  0.432653E+00  0.137136E+05  0.122558E+05  0.000000E+00  0.000000E+00  0.000000E+00  0.134903E+05
  0.441393E+00  0.133060E+05  0.118967E+05  0.000000E+00  0.000000E+00  0.000000E+00  0.130901E+05
  0.450310E+00  0.129044E+05  0.115358E+05  0.000000E+00  0.000000E+00  0.000000E+00  0.126948E+05
  0.459407E+00  0.125100E+05  0.111772E+05  0.000000E+00  0.000000E+00  0.000000E+00  0.123058E+05
  0.468688E+00  0.121270E+05  0.108300E+05  0.000000E+00  0.000000E+00  0.000000E+00  0.119283E+05
  0.478156E+00  0.117577E+05  0.104993E+05  0.000000E+00  0.000000E+00  0.000000E+00  0.115649E+05
  0.487815E+00  0.114023E+05  0.101848E+05  0.000000E+00  0.000000E+00  0.000000E+00  0.112158E+05
  0.497670E+00  0.110580E+05  0.988101E+04  0.000000E+00  0.000000E+00  0.000000E+00  0.108777E+05
  0.507723E+00  0.107222E+05  0.958241E+04  0.000000E+00  0.000000E+00  0.000000E+00  0.105476E+05
  0.517980E+00  0.103939E+05  0.928775E+04  0.000000E+00  0.000000E+00  0.000000E+00  0.102244E+05
  0.528444E+00  0.100738E+05  0.899956E+04  0.000000E+00  0.000000E+00  0.000000E+00  0.990921E+04
  0.539119E+00  0.976379E+04  0.872167E+04  0.000000E+00  0.000000E+00  0.000000E+00  0.960415E+04
  0.550010E+00  0.946394E+04  0.845451E+04  0.000000E+00  0.000000E+00  0.000000E+00  0.930931E+04
  0.561121E+00  0.917365E+04  0.819651E+04  0.000000E+00  0.000000E+00  0.000000E+00  0.902397E+04
  0.572456E+00  0.889114E+04  0.794466E+04  0.000000E+00  0.000000E+00  0.000000E+00  0.874616E+04
  0.584021E+00  0.861623E+04  0.769859E+04  0.000000E+00  0.000000E+00  0.000000E+00  0.847566E+04
  0.595818E+00  0.834885E+04  0.745901E+04  0.000000E+00  0.000000E+00  0.000000E+00  0.821254E+04
  0.607855E+00  0.808984E+04  0.722748E+04  0.000000E+00  0.000000E+00  0.000000E+00  0.795774E+04
  0.620134E+00  0.783876E+04  0.700355E+04  0.000000E+00  0.000000E+00  0.000000E+00  0.771082E+04
  0.632662E+00  0.759523E+04  0.678633E+04  0.000000E+00  0.000000E+00  0.000000E+00  0.747132E+04
  0.645442E+00  0.735853E+04  0.657483E+04  0.000000E+00  0.000000E+00  0.000000E+00  0.723848E+04
  0.658481E+00  0.712867E+04  0.636925E+04  0.000000E+00  0.000000E+00  0.000000E+00  0.701234E+04
  0.671783E+00  0.690576E+04  0.617003E+04  0.000000E+00  0.000000E+00  0.000000E+00  0.679306E+04
  0.685355E+00  0.668955E+04  0.597698E+04  0.000000E+00  0.000000E+00  0.000000E+00  0.658039E+04
  0.699199E+00  0.647991E+04  0.578979E+04  0.000000E+00  0.000000E+00  0.000000E+00  0.637419E+04
  0.713324E+00  0.627633E+04  0.560789E+04  0.000000E+00  0.000000E+00  0.000000E+00  0.617393E+04
  0.727734E+00  0.607886E+04  0.543142E+04  0.000000E+00  0.000000E+00  0.000000E+00  0.597968E+04
  0.742436E+00  0.588737E+04  0.526036E+04  0.000000E+00  0.000000E+00  0.000000E+00  0.579132E+04
  0.757434E+00  0.570157E+04  0.509439E+04  0.000000E+00  0.000000E+00  0.000000E+00  0.560856E+04
  0.772735E+00  0.552138E+04  0.493340E+04  0.000000E+00  0.000000E+00  0.000000E+00  0.543131E+04
  0.788345E+00  0.534662E+04  0.477726E+04  0.000000E+00  0.000000E+00  0.000000E+00  0.525941E+04
  0.804271E+00  0.517710E+04  0.462580E+04  0.000000E+00  0.000000E+00  0.000000E+00  0.509265E+04
  0.820519E+00  0.501274E+04  0.447896E+04  0.000000E+00  0.000000E+00  0.000000E+00  0.493098E+04
  0.837094E+00  0.485341E+04  0.433661E+04  0.000000E+00  0.000000E+00  0.000000E+00  0.477424E+04
  0.854005E+00  0.469888E+04  0.419855E+04  0.000000E+00  0.000000E+00  0.000000E+00  0.462224E+04
  0.871256E+00  0.454906E+04  0.406469E+04  0.000000E+00  0.000000E+00  0.000000E+00  0.447486E+04
  0.888857E+00  0.440384E+04  0.393494E+04  0.000000E+00  0.000000E+00  0.000000E+00  0.433201E+04
  0.906813E+00  0.426308E+04  0.380919E+04  0.000000E+00  0.000000E+00  0.000000E+00  0.419356E+04
  0.925132E+00  0.412664E+04  0.368729E+04  0.000000E+00  0.000000E+00  0.000000E+00  0.405934E+04
  0.943821E+00  0.399438E+04  0.356912E+04  0.000000E+00  0.000000E+00  0.000000E+00  0.392923E+04
  0.962887E+00  0.386617E+04  0.345457E+04  0.000000E+00  0.000000E+00  0.000000E+00  0.380312E+04
  0.982339E+00  0.374193E+04  0.334356E+04  0.000000E+00  0.000000E+00  0.000000E+00  0.368090E+04
  0.100218E+01  0.362151E+04  0.323597E+04  0.000000E+00  0.000000E+00  0.000000E+00  0.356245E+04
  0.102243E+01  0.350482E+04  0.313171E+04  0.000000E+00  0.000000E+00  0.000000E+00  0.344767E+04
  0.104308E+01  0.339174E+04  0.303068E+04  0.000000E+00  0.000000E+00  0.000000E+00  0.333643E+04
  0.106415E+01  0.328217E+04  0.293278E+04  0.000000E+00  0.000000E+00  0.000000E+00  0.322865E+04
  0.108565E+01  0.317600E+04  0.283792E+04  0.000000E+00  0.000000E+00  0.000000E+00  0.312421E+04
  0.110758E+01  0.307314E+04  0.274602E+04  0.000000E+00  0.000000E+00  0.000000E+00  0.302303E+04
  0.112996E+01  0.297350E+04  0.265698E+04  0.000000E+00  0.000000E+00  0.000000E+00  0.292501E+04
  0.115278E+01  0.287698E+04  0.257074E+04  0.000000E+00  0.000000E+00  0.000000E+00  0.283007E+04
  0.117607E+01  0.278348E+04  0.248720E+04  0.000000E+00  0.000000E+00  0.000000E+00  0.273809E+04
  0.119983E+01  0.269291E+04  0.240628E+04  0.000000E+00  0.000000E+00  0.000000E+00  0.264901E+04
  0.122407E+01  0.260519E+04  0.232790E+04  0.000000E+00  0.000000E+00  0.000000E+00  0.256271E+04
  0.124880E+01  0.252022E+04  0.225198E+04  0.000000E+00  0.000000E+00  0.000000E+00  0.247913E+04
  0.127402E+01  0.243793E+04  0.217845E+04  0.000000E+00  0.000000E+00  0.000000E+00  0.239818E+04
  0.129976E+01  0.235823E+04  0.210724E+04  0.000000E+00  0.000000E+00  0.000000E+00  0.231978E+04
  0.132602E+01  0.228105E+04  0.203827E+04  0.000000E+00  0.000000E+00  0.000000E+00  0.224386E+04
  0.135281E+01  0.220631E+04  0.197150E+04  0.000000E+00  0.000000E+00  0.000000E+00  0.217034E+04
  0.138013E+01  0.213395E+04  0.190684E+04  0.000000E+00  0.000000E+00  0.000000E+00  0.209916E+04
  0.140802E+01  0.206388E+04  0.184423E+04  0.000000E+00  0.000000E+00  0.000000E+00  0.203023E+04
  0.143646E+01  0.199604E+04  0.178361E+04  0.000000E+00  0.000000E+00  0.000000E+00  0.196350E+04
  0.146548E+01  0.193036E+04  0.172493E+04  0.000000E+00  0.000000E+00  0.000000E+00  0.189889E+04
  0.149508E+01  0.186678E+04  0.166811E+04  0.000000E+00  0.000000E+00  0.000000E+00  0.183634E+04
  0.152529E+01  0.180521E+04  0.161310E+04  0.000000E+00  0.000000E+00  0.000000E+00  0.177579E+04
  0.155610E+01  0.174563E+04  0.155987E+04  0.000000E+00  0.000000E+00  0.000000E+00  0.171718E+04
  0.158753E+01  0.168795E+04  0.150833E+04  0.000000E+00  0.000000E+00  0.000000E+00  0.166044E+04
  0.161960E+01  0.163213E+04  0.145844E+04  0.000000E+00  0.000000E+00  0.000000E+00  0.160552E+04
  0.165232E+01  0.157809E+04  0.141016E+04  0.000000E+00  0.000000E+00  0.000000E+00  0.155237E+04
  0.168570E+01  0.152579E+04  0.136343E+04  0.000000E+00  0.000000E+00  0.000000E+00  0.150092E+04
  0.171975E+01  0.147517E+04  0.131820E+04  0.000000E+00  0.000000E+00  0.000000E+00  0.145113E+04
  0.175449E+01  0.142618E+04  0.127442E+04  0.000000E+00  0.000000E+00  0.000000E+00  0.140293E+04
  0.178994E+01  0.137878E+04  0.123206E+04  0.000000E+00  0.000000E+00  0.000000E+00  0.135630E+04
  0.182610E+01  0.133290E+04  0.119107E+04  0.000000E+00  0.000000E+00  0.000000E+00  0.131118E+04
  0.186299E+01  0.128851E+04  0.115141E+04  0.000000E+00  0.000000E+00  0.000000E+00  0.126751E+04
  0.190062E+01  0.124557E+04  0.111304E+04  0.000000E+00  0.000000E+00  0.000000E+00  0.122527E+04
  0.193902E+01  0.120401E+04  0.107590E+04  0.000000E+00  0.000000E+00  0.000000E+00  0.118439E+04
  0.197819E+01  0.116381E+04  0.103997E+04  0.000000E+00  0.000000E+00  0.000000E+00  0.114484E+04
  0.201815E+01  0.112491E+04  0.100521E+04  0.000000E+00  0.000000E+00  0.000000E+00  0.110657E+04
  0.205892E+01  0.108727E+04  0.971585E+03  0.000000E+00  0.000000E+00  0.000000E+00  0.106955E+04
  0.210051E+01  0.105086E+04  0.939050E+03  0.000000E+00  0.000000E+00  0.000000E+00  0.103373E+04
  0.214294E+01  0.101564E+04  0.907578E+03  0.000000E+00  0.000000E+00  0.000000E+00  0.999089E+03
  0.218623E+01  0.981573E+03  0.877134E+03  0.000000E+00  0.000000E+00  0.000000E+00  0.965575E+03
  0.223040E+01  0.948619E+03  0.847688E+03  0.000000E+00  0.000000E+00  0.000000E+00  0.933158E+03
  0.227546E+01  0.916746E+03  0.819207E+03  0.000000E+00  0.000000E+00  0.000000E+00  0.901805E+03
  0.232143E+01  0.885916E+03  0.791658E+03  0.000000E+00  0.000000E+00  0.000000E+00  0.871477E+03
  0.236832E+01  0.856099E+03  0.765013E+03  0.000000E+00  0.000000E+00  0.000000E+00  0.842146E+03
  0.241616E+01  0.827258E+03  0.739242E+03  0.000000E+00  0.000000E+00  0.000000E+00  0.813776E+03
  0.246497E+01  0.799368E+03  0.714319E+03  0.000000E+00  0.000000E+00  0.000000E+00  0.786339E+03
  0.251477E+01  0.772394E+03  0.690216E+03  0.000000E+00  0.000000E+00  0.000000E+00  0.759806E+03
  0.256557E+01  0.746311E+03  0.666909E+03  0.000000E+00  0.000000E+00  0.000000E+00  0.734148E+03
  0.261740E+01  0.721088E+03  0.644370E+03  0.000000E+00  0.000000E+00  0.000000E+00  0.709336E+03
  0.267027E+01  0.696701E+03  0.622578E+03  0.000000E+00  0.000000E+00  0.000000E+00  0.685347E+03
  0.272422E+01  0.673117E+03  0.601503E+03  0.000000E+00  0.000000E+00  0.000000E+00  0.662147E+03
  0.277925E+01  0.650315E+03  0.581127E+03  0.000000E+00  0.000000E+00  0.000000E+00  0.639717E+03
  0.283539E+01  0.628267E+03  0.561425E+03  0.000000E+00  0.000000E+00  0.000000E+00  0.618028E+03
  0.289267E+01  0.606950E+03  0.542376E+03  0.000000E+00  0.000000E+00  0.000000E+00  0.597058E+03
  0.295111E+01  0.586341E+03  0.523960E+03  0.000000E+00  0.000000E+00  0.000000E+00  0.576785E+03
  0.301072E+01  0.566418E+03  0.506156E+03  0.000000E+00  0.000000E+00  0.000000E+00  0.557186E+03
  0.307155E+01  0.547156E+03  0.488944E+03  0.000000E+00  0.000000E+00  0.000000E+00  0.538239E+03
  0.313359E+01  0.528537E+03  0.472306E+03  0.000000E+00  0.000000E+00  0.000000E+00  0.519924E+03
  0.319690E+01  0.510538E+03  0.456222E+03  0.000000E+00  0.000000E+00  0.000000E+00  0.502218E+03
  0.326148E+01  0.493139E+03  0.440675E+03  0.000000E+00  0.000000E+00  0.000000E+00  0.485103E+03
  0.332737E+01  0.476320E+03  0.425645E+03  0.000000E+00  0.000000E+00  0.000000E+00  0.468557E+03
  0.339458E+01  0.460063E+03  0.411118E+03  0.000000E+00  0.000000E+00  0.000000E+00  0.452566E+03
  0.346316E+01  0.444350E+03  0.397076E+03  0.000000E+00  0.000000E+00  0.000000E+00  0.437109E+03
  0.353312E+01  0.429164E+03  0.383506E+03  0.000000E+00  0.000000E+00  0.000000E+00  0.422170E+03
  0.360449E+01  0.414487E+03  0.370390E+03  0.000000E+00  0.000000E+00  0.000000E+00  0.407732E+03
  0.367731E+01  0.400302E+03  0.357714E+03  0.000000E+00  0.000000E+00  0.000000E+00  0.393778E+03
  0.375159E+01  0.386592E+03  0.345463E+03  0.000000E+00  0.000000E+00  0.000000E+00  0.380292E+03
  0.382738E+01  0.373343E+03  0.333623E+03  0.000000E+00  0.000000E+00  0.000000E+00  0.367259E+03
  0.390470E+01  0.360540E+03  0.322181E+03  0.000000E+00  0.000000E+00  0.000000E+00  0.354664E+03
  0.398358E+01  0.348167E+03  0.311125E+03  0.000000E+00  0.000000E+00  0.000000E+00  0.342492E+03
  0.406405E+01  0.336212E+03  0.300441E+03  0.000000E+00  0.000000E+00  0.000000E+00  0.330732E+03
  0.414615E+01  0.324659E+03  0.290118E+03  0.000000E+00  0.000000E+00  0.000000E+00  0.319368E+03
  0.422991E+01  0.313496E+03  0.280143E+03  0.000000E+00  0.000000E+00  0.000000E+00  0.308387E+03
  0.431536E+01  0.302710E+03  0.270504E+03  0.000000E+00  0.000000E+00  0.000000E+00  0.297777E+03
  0.440254E+01  0.292289E+03  0.261191E+03  0.000000E+00  0.000000E+00  0.000000E+00  0.287525E+03
  0.449148E+01  0.282219E+03  0.252192E+03  0.000000E+00  0.000000E+00  0.000000E+00  0.277619E+03
  0.458221E+01  0.272491E+03  0.243499E+03  0.000000E+00  0.000000E+00  0.000000E+00  0.268050E+03
  0.467478E+01  0.263092E+03  0.235100E+03  0.000000E+00  0.000000E+00  0.000000E+00  0.258804E+03
  0.476921E+01  0.254012E+03  0.226986E+03  0.000000E+00  0.000000E+00  0.000000E+00  0.249872E+03
  0.486556E+01  0.245240E+03  0.219147E+03  0.000000E+00  0.000000E+00  0.000000E+00  0.241243E+03
  0.496384E+01  0.236766E+03  0.211574E+03  0.000000E+00  0.000000E+00  0.000000E+00  0.232907E+03
  0.506412E+01  0.228579E+03  0.204258E+03  0.000000E+00  0.000000E+00  0.000000E+00  0.224854E+03
  0.516642E+01  0.220671E+03  0.197191E+03  0.000000E+00  0.000000E+00  0.000000E+00  0.217075E+03
  0.527079E+01  0.213032E+03  0.190365E+03  0.000000E+00  0.000000E+00  0.000000E+00  0.209560E+03
  0.537727E+01  0.205654E+03  0.183771E+03  0.000000E+00  0.000000E+00  0.000000E+00  0.202302E+03
  0.548590E+01  0.198527E+03  0.177402E+03  0.000000E+00  0.000000E+00  0.000000E+00  0.195291E+03
  0.559672E+01  0.191642E+03  0.171250E+03  0.000000E+00  0.000000E+00  0.000000E+00  0.188519E+03
  0.570978E+01  0.184993E+03  0.165307E+03  0.000000E+00  0.000000E+00  0.000000E+00  0.181977E+03
  0.582512E+01  0.178571E+03  0.159568E+03  0.000000E+00  0.000000E+00  0.000000E+00  0.175660E+03
  0.594280E+01  0.172368E+03  0.154025E+03  0.000000E+00  0.000000E+00  0.000000E+00  0.169558E+03
  0.606285E+01  0.166378E+03  0.148672E+03  0.000000E+00  0.000000E+00  0.000000E+00  0.163665E+03
  0.618533E+01  0.160592E+03  0.143501E+03  0.000000E+00  0.000000E+00  0.000000E+00  0.157974E+03
  0.631029E+01  0.155004E+03  0.138508E+03  0.000000E+00  0.000000E+00  0.000000E+00  0.152477E+03
  0.643776E+01  0.149608E+03  0.133686E+03  0.000000E+00  0.000000E+00  0.000000E+00  0.147169E+03
  0.656782E+01  0.144397E+03  0.129029E+03  0.000000E+00  0.000000E+00  0.000000E+00  0.142043E+03
  0.670049E+01  0.139365E+03  0.124532E+03  0.000000E+00  0.000000E+00  0.000000E+00  0.137093E+03
  0.683585E+01  0.134506E+03  0.120190E+03  0.000000E+00  0.000000E+00  0.000000E+00  0.132313E+03
  0.697394E+01  0.129814E+03  0.115996E+03  0.000000E+00  0.000000E+00  0.000000E+00  0.127697E+03
  0.711483E+01  0.125283E+03  0.111947E+03  0.000000E+00  0.000000E+00  0.000000E+00  0.123240E+03
  0.725855E+01  0.120908E+03  0.108037E+03  0.000000E+00  0.000000E+00  0.000000E+00  0.118936E+03
  0.740519E+01  0.116683E+03  0.104262E+03  0.000000E+00  0.000000E+00  0.000000E+00  0.114780E+03
  0.755478E+01  0.112604E+03  0.100617E+03  0.000000E+00  0.000000E+00  0.000000E+00  0.110768E+03
  0.770740E+01  0.108666E+03  0.970971E+02  0.000000E+00  0.000000E+00  0.000000E+00  0.106894E+03
  0.786310E+01  0.104863E+03  0.936990E+02  0.000000E+00  0.000000E+00  0.000000E+00  0.103153E+03
  0.802195E+01  0.101192E+03  0.904180E+02  0.000000E+00  0.000000E+00  0.000000E+00  0.995416E+02
  0.818400E+01  0.976477E+02  0.872506E+02  0.000000E+00  0.000000E+00  0.000000E+00  0.960550E+02
  0.834933E+01  0.942256E+02  0.841924E+02  0.000000E+00  0.000000E+00  0.000000E+00  0.926887E+02
  0.851799E+01  0.909219E+02  0.812400E+02  0.000000E+00  0.000000E+00  0.000000E+00  0.894388E+02
  0.869007E+01  0.877325E+02  0.783897E+02  0.000000E+00  0.000000E+00  0.000000E+00  0.863013E+02
  0.886562E+01  0.846537E+02  0.756382E+02  0.000000E+00  0.000000E+00  0.000000E+00  0.832726E+02
  0.904472E+01  0.816813E+02  0.729819E+02  0.000000E+00  0.000000E+00  0.000000E+00  0.803487E+02
  0.922743E+01  0.788121E+02  0.704177E+02  0.000000E+00  0.000000E+00  0.000000E+00  0.775262E+02
  0.941384E+01  0.760422E+02  0.679423E+02  0.000000E+00  0.000000E+00  0.000000E+00  0.748014E+02
  0.960401E+01  0.733686E+02  0.655530E+02  0.000000E+00  0.000000E+00  0.000000E+00  0.721713E+02
  0.979803E+01  0.707877E+02  0.632465E+02  0.000000E+00  0.000000E+00  0.000000E+00  0.696325E+02
  0.999595E+01  0.682965E+02  0.610202E+02  0.000000E+00  0.000000E+00  0.000000E+00  0.671819E+02
  0.101979E+02  0.658918E+02  0.588712E+02  0.000000E+00  0.000000E+00  0.000000E+00  0.648164E+02
  0.104039E+02  0.635708E+02  0.567969E+02  0.000000E+00  0.000000E+00  0.000000E+00  0.625331E+02
  0.106141E+02  0.613306E+02  0.547949E+02  0.000000E+00  0.000000E+00  0.000000E+00  0.603295E+02
  0.108285E+02  0.591683E+02  0.528625E+02  0.000000E+00  0.000000E+00  0.000000E+00  0.582024E+02
  0.110472E+02  0.570814E+02  0.509974E+02  0.000000E+00  0.000000E+00  0.000000E+00  0.561494E+02
  0.112704E+02  0.550672E+02  0.491973E+02  0.000000E+00  0.000000E+00  0.000000E+00  0.541680E+02
  0.114981E+02  0.531233E+02  0.474600E+02  0.000000E+00  0.000000E+00  0.000000E+00  0.522558E+02
  0.117304E+02  0.512471E+02  0.457833E+02  0.000000E+00  0.000000E+00  0.000000E+00  0.504101E+02
  0.119673E+02  0.494365E+02  0.441651E+02  0.000000E+00  0.000000E+00  0.000000E+00  0.486290E+02
  0.122091E+02  0.476890E+02  0.426035E+02  0.000000E+00  0.000000E+00  0.000000E+00  0.469100E+02
  0.124557E+02  0.460027E+02  0.410964E+02  0.000000E+00  0.000000E+00  0.000000E+00  0.452512E+02
  0.127074E+02  0.443753E+02  0.396419E+02  0.000000E+00  0.000000E+00  0.000000E+00  0.436502E+02
  0.129641E+02  0.428048E+02  0.382384E+02  0.000000E+00  0.000000E+00  0.000000E+00  0.421053E+02
  0.132260E+02  0.412893E+02  0.368840E+02  0.000000E+00  0.000000E+00  0.000000E+00  0.406144E+02
  0.134931E+02  0.398269E+02  0.355770E+02  0.000000E+00  0.000000E+00  0.000000E+00  0.391758E+02
  0.137657E+02  0.384156E+02  0.343157E+02  0.000000E+00  0.000000E+00  0.000000E+00  0.377875E+02
  0.140438E+02  0.370538E+02  0.330987E+02  0.000000E+00  0.000000E+00  0.000000E+00  0.364480E+02
  0.143275E+02  0.357398E+02  0.319243E+02  0.000000E+00  0.000000E+00  0.000000E+00  0.351553E+02
  0.146169E+02  0.344719E+02  0.307912E+02  0.000000E+00  0.000000E+00  0.000000E+00  0.339081E+02
  0.149122E+02  0.332484E+02  0.296977E+02  0.000000E+00  0.000000E+00  0.000000E+00  0.327045E+02
  0.152135E+02  0.320680E+02  0.286428E+02  0.000000E+00  0.000000E+00  0.000000E+00  0.315433E+02
  0.155208E+02  0.309290E+02  0.276248E+02  0.000000E+00  0.000000E+00  0.000000E+00  0.304228E+02
  0.158343E+02  0.298300E+02  0.266426E+02  0.000000E+00  0.000000E+00  0.000000E+00  0.293418E+02
  0.161542E+02  0.287697E+02  0.256950E+02  0.000000E+00  0.000000E+00  0.000000E+00  0.282987E+02
  0.164805E+02  0.277467E+02  0.247807E+02  0.000000E+00  0.000000E+00  0.000000E+00  0.272924E+02
  0.168135E+02  0.267597E+02  0.238985E+02  0.000000E+00  0.000000E+00  0.000000E+00  0.263214E+02
  0.171531E+02  0.258074E+02  0.230474E+02  0.000000E+00  0.000000E+00  0.000000E+00  0.253846E+02
  0.174996E+02  0.248887E+02  0.222264E+02  0.000000E+00  0.000000E+00  0.000000E+00  0.244809E+02
  0.178532E+02  0.240023E+02  0.214342E+02  0.000000E+00  0.000000E+00  0.000000E+00  0.236089E+02
  0.182138E+02  0.231473E+02  0.206700E+02  0.000000E+00  0.000000E+00  0.000000E+00  0.227678E+02
  0.185818E+02  0.223223E+02  0.199327E+02  0.000000E+00  0.000000E+00  0.000000E+00  0.219563E+02
  0.189571E+02  0.215265E+02  0.192214E+02  0.000000E+00  0.000000E+00  0.000000E+00  0.211734E+02
  0.193401E+02  0.207588E+02  0.185353E+02  0.000000E+00  0.000000E+00  0.000000E+00  0.204182E+02
  0.197308E+02  0.200182E+02  0.178734E+02  0.000000E+00  0.000000E+00  0.000000E+00  0.196896E+02
  0.201294E+02  0.193038E+02  0.172348E+02  0.000000E+00  0.000000E+00  0.000000E+00  0.189868E+02
  0.205360E+02  0.186146E+02  0.166189E+02  0.000000E+00  0.000000E+00  0.000000E+00  0.183089E+02
  0.209509E+02  0.179498E+02  0.160247E+02  0.000000E+00  0.000000E+00  0.000000E+00  0.176549E+02
  0.213741E+02  0.173085E+02  0.154515E+02  0.000000E+00  0.000000E+00  0.000000E+00  0.170240E+02
  0.218059E+02  0.166899E+02  0.148986E+02  0.000000E+00  0.000000E+00  0.000000E+00  0.164155E+02
  0.222464E+02  0.160932E+02  0.143653E+02  0.000000E+00  0.000000E+00  0.000000E+00  0.158285E+02
  0.226958E+02  0.155177E+02  0.138509E+02  0.000000E+00  0.000000E+00  0.000000E+00  0.152623E+02
  0.231543E+02  0.149625E+02  0.133547E+02  0.000000E+00  0.000000E+00  0.000000E+00  0.147162E+02
  0.236221E+02  0.144270E+02  0.128761E+02  0.000000E+00  0.000000E+00  0.000000E+00  0.141894E+02
  0.240992E+02  0.139105E+02  0.124145E+02  0.000000E+00  0.000000E+00  0.000000E+00  0.136814E+02
  0.245861E+02  0.134124E+02  0.119692E+02  0.000000E+00  0.000000E+00  0.000000E+00  0.131913E+02
  0.250828E+02  0.129319E+02  0.115397E+02  0.000000E+00  0.000000E+00  0.000000E+00  0.127186E+02
  0.255895E+02  0.124685E+02  0.111255E+02  0.000000E+00  0.000000E+00  0.000000E+00  0.122627E+02
  0.261064E+02  0.120215E+02  0.107260E+02  0.000000E+00  0.000000E+00  0.000000E+00  0.118231E+02
  0.266338E+02  0.115904E+02  0.103407E+02  0.000000E+00  0.000000E+00  0.000000E+00  0.113990E+02
  0.271718E+02  0.111747E+02  0.996910E+01  0.000000E+00  0.000000E+00  0.000000E+00  0.109900E+02
  0.277207E+02  0.107737E+02  0.961069E+01  0.000000E+00  0.000000E+00  0.000000E+00  0.105956E+02
  0.282807E+02  0.103870E+02  0.926504E+01  0.000000E+00  0.000000E+00  0.000000E+00  0.102151E+02
  0.288520E+02  0.100141E+02  0.893168E+01  0.000000E+00  0.000000E+00  0.000000E+00  0.984825E+01
  0.294349E+02  0.965438E+01  0.861018E+01  0.000000E+00  0.000000E+00  0.000000E+00  0.949442E+01
  0.300295E+02  0.930753E+01  0.830014E+01  0.000000E+00  0.000000E+00  0.000000E+00  0.915321E+01
  0.306362E+02  0.897302E+01  0.800114E+01  0.000000E+00  0.000000E+00  0.000000E+00  0.882414E+01
  0.312550E+02  0.865045E+01  0.771279E+01  0.000000E+00  0.000000E+00  0.000000E+00  0.850681E+01
  0.318865E+02  0.833936E+01  0.743472E+01  0.000000E+00  0.000000E+00  0.000000E+00  0.820078E+01
  0.325306E+02  0.803938E+01  0.716657E+01  0.000000E+00  0.000000E+00  0.000000E+00  0.790568E+01
  0.331878E+02  0.775009E+01  0.690798E+01  0.000000E+00  0.000000E+00  0.000000E+00  0.762109E+01
  0.338582E+02  0.747114E+01  0.665862E+01  0.000000E+00  0.000000E+00  0.000000E+00  0.734667E+01
  0.345422E+02  0.720213E+01  0.641815E+01  0.000000E+00  0.000000E+00  0.000000E+00  0.708204E+01
  0.352400E+02  0.694275E+01  0.618628E+01  0.000000E+00  0.000000E+00  0.000000E+00  0.682687E+01
  0.359519E+02  0.669262E+01  0.596268E+01  0.000000E+00  0.000000E+00  0.000000E+00  0.658080E+01
  0.366781E+02  0.645144E+01  0.574708E+01  0.000000E+00  0.000000E+00  0.000000E+00  0.634354E+01
  0.374191E+02  0.621887E+01  0.553917E+01  0.000000E+00  0.000000E+00  0.000000E+00  0.611475E+01
  0.381750E+02  0.599463E+01  0.533871E+01  0.000000E+00  0.000000E+00  0.000000E+00  0.589415E+01
  0.389462E+02  0.577840E+01  0.514541E+01  0.000000E+00  0.000000E+00  0.000000E+00  0.568143E+01
  0.397329E+02  0.556992E+01  0.495903E+01  0.000000E+00  0.000000E+00  0.000000E+00  0.547634E+01
  0.405356E+02  0.536889E+01  0.477931E+01  0.000000E+00  0.000000E+00  0.000000E+00  0.527857E+01
  0.413545E+02  0.517507E+01  0.460604E+01  0.000000E+00  0.000000E+00  0.000000E+00  0.508790E+01
  0.421899E+02  0.498818E+01  0.443896E+01  0.000000E+00  0.000000E+00  0.000000E+00  0.490405E+01
  0.430422E+02  0.480800E+01  0.427788E+01  0.000000E+00  0.000000E+00  0.000000E+00  0.472680E+01
  0.439117E+02  0.463427E+01  0.412256E+01  0.000000E+00  0.000000E+00  0.000000E+00  0.455589E+01
  0.447988E+02  0.446678E+01  0.397281E+01  0.000000E+00  0.000000E+00  0.000000E+00  0.439111E+01
  0.457038E+02  0.430529E+01  0.382843E+01  0.000000E+00  0.000000E+00  0.000000E+00  0.423224E+01
  0.466270E+02  0.414960E+01  0.368923E+01  0.000000E+00  0.000000E+00  0.000000E+00  0.407907E+01
  0.475690E+02  0.399949E+01  0.355501E+01  0.000000E+00  0.000000E+00  0.000000E+00  0.393140E+01
  0.485300E+02  0.385476E+01  0.342562E+01  0.000000E+00  0.000000E+00  0.000000E+00  0.378902E+01
  0.495103E+02  0.371525E+01  0.330087E+01  0.000000E+00  0.000000E+00  0.000000E+00  0.365177E+01
  0.505105E+02  0.358073E+01  0.318060E+01  0.000000E+00  0.000000E+00  0.000000E+00  0.351944E+01
  0.515309E+02  0.345106E+01  0.306466E+01  0.000000E+00  0.000000E+00  0.000000E+00  0.339187E+01
  0.525719E+02  0.332604E+01  0.295287E+01  0.000000E+00  0.000000E+00  0.000000E+00  0.326888E+01
  0.536339E+02  0.320553E+01  0.284511E+01  0.000000E+00  0.000000E+00  0.000000E+00  0.315032E+01
  0.547174E+02  0.308934E+01  0.274121E+01  0.000000E+00  0.000000E+00  0.000000E+00  0.303601E+01
  0.558227E+02  0.297734E+01  0.264106E+01  0.000000E+00  0.000000E+00  0.000000E+00  0.292582E+01
  0.569504E+02  0.286936E+01  0.254450E+01  0.000000E+00  0.000000E+00  0.000000E+00  0.281960E+01
  0.581009E+02  0.276527E+01  0.245143E+01  0.000000E+00  0.000000E+00  0.000000E+00  0.271720E+01
  0.592746E+02  0.266493E+01  0.236170E+01  0.000000E+00  0.000000E+00  0.000000E+00  0.261848E+01
  0.604720E+02  0.256821E+01  0.227520E+01  0.000000E+00  0.000000E+00  0.000000E+00  0.252332E+01
  0.616937E+02  0.247497E+01  0.219181E+01  0.000000E+00  0.000000E+00  0.000000E+00  0.243159E+01
  0.629399E+02  0.238509E+01  0.211143E+01  0.000000E+00  0.000000E+00  0.000000E+00  0.234317E+01
  0.642114E+02  0.229845E+01  0.203394E+01  0.000000E+00  0.000000E+00  0.000000E+00  0.225793E+01
  0.655085E+02  0.221493E+01  0.195925E+01  0.000000E+00  0.000000E+00  0.000000E+00  0.217577E+01
  0.668319E+02  0.213443E+01  0.188725E+01  0.000000E+00  0.000000E+00  0.000000E+00  0.209656E+01
  0.681820E+02  0.205683E+01  0.181784E+01  0.000000E+00  0.000000E+00  0.000000E+00  0.202022E+01
  0.695594E+02  0.198203E+01  0.175094E+01  0.000000E+00  0.000000E+00  0.000000E+00  0.194663E+01
  0.709645E+02  0.190993E+01  0.168645E+01  0.000000E+00  0.000000E+00  0.000000E+00  0.187570E+01
  0.723982E+02  0.184044E+01  0.162429E+01  0.000000E+00  0.000000E+00  0.000000E+00  0.180733E+01
  0.738607E+02  0.177345E+01  0.156437E+01  0.000000E+00  0.000000E+00  0.000000E+00  0.174142E+01
  0.753528E+02  0.170889E+01  0.150662E+01  0.000000E+00  0.000000E+00  0.000000E+00  0.167790E+01
  0.768750E+02  0.164665E+01  0.145095E+01  0.000000E+00  0.000000E+00  0.000000E+00  0.161668E+01
  0.784280E+02  0.158667E+01  0.139729E+01  0.000000E+00  0.000000E+00  0.000000E+00  0.155766E+01
  0.800124E+02  0.152886E+01  0.134557E+01  0.000000E+00  0.000000E+00  0.000000E+00  0.150078E+01
  0.816287E+02  0.147313E+01  0.129572E+01  0.000000E+00  0.000000E+00  0.000000E+00  0.144596E+01
  0.832777E+02  0.141943E+01  0.124767E+01  0.000000E+00  0.000000E+00  0.000000E+00  0.139312E+01
  0.849600E+02  0.136766E+01  0.120136E+01  0.000000E+00  0.000000E+00  0.000000E+00  0.134219E+01
  0.866764E+02  0.131777E+01  0.115672E+01  0.000000E+00  0.000000E+00  0.000000E+00  0.129310E+01
  0.884273E+02  0.126969E+01  0.111370E+01  0.000000E+00  0.000000E+00  0.000000E+00  0.124579E+01
  0.902137E+02  0.122335E+01  0.107223E+01  0.000000E+00  0.000000E+00  0.000000E+00  0.120020E+01
  0.920362E+02  0.117868E+01  0.103227E+01  0.000000E+00  0.000000E+00  0.000000E+00  0.115625E+01
  0.938953E+02  0.113564E+01  0.993750E+00  0.000000E+00  0.000000E+00  0.000000E+00  0.111390E+01
  0.957921E+02  0.109415E+01  0.956626E+00  0.000000E+00  0.000000E+00  0.000000E+00  0.107309E+01
  0.977273E+02  0.105417E+01  0.920846E+00  0.000000E+00  0.000000E+00  0.000000E+00  0.103375E+01
  0.997016E+02  0.101564E+01  0.886363E+00  0.000000E+00  0.000000E+00  0.000000E+00  0.995833E+00
  0.101716E+03  0.978503E+00  0.853132E+00  0.000000E+00  0.000000E+00  0.000000E+00  0.959298E+00
  0.103770E+03  0.942715E+00  0.821103E+00  0.000000E+00  0.000000E+00  0.000000E+00  0.924085E+00
  0.105867E+03  0.908224E+00  0.790235E+00  0.000000E+00  0.000000E+00  0.000000E+00  0.890150E+00
  0.108005E+03  0.874986E+00  0.760486E+00  0.000000E+00  0.000000E+00  0.000000E+00  0.857446E+00
  0.110187E+03  0.842957E+00  0.731819E+00  0.000000E+00  0.000000E+00  0.000000E+00  0.825932E+00
  0.112413E+03  0.812088E+00  0.704190E+00  0.000000E+00  0.000000E+00  0.000000E+00  0.795560E+00
  0.114684E+03  0.782340E+00  0.677564E+00  0.000000E+00  0.000000E+00  0.000000E+00  0.766290E+00
  0.117001E+03  0.753673E+00  0.651904E+00  0.000000E+00  0.000000E+00  0.000000E+00  0.738084E+00
  0.119364E+03  0.726050E+00  0.627179E+00  0.000000E+00  0.000000E+00  0.000000E+00  0.710905E+00
  0.121776E+03  0.699429E+00  0.603349E+00  0.000000E+00  0.000000E+00  0.000000E+00  0.684711E+00
  0.124236E+03  0.673775E+00  0.580385E+00  0.000000E+00  0.000000E+00  0.000000E+00  0.659469E+00
  0.126746E+03  0.649054E+00  0.558256E+00  0.000000E+00  0.000000E+00  0.000000E+00  0.635145E+00
  0.129306E+03  0.625234E+00  0.536934E+00  0.000000E+00  0.000000E+00  0.000000E+00  0.611708E+00
  0.131918E+03  0.602279E+00  0.516385E+00  0.000000E+00  0.000000E+00  0.000000E+00  0.589121E+00
  0.134583E+03  0.580159E+00  0.496584E+00  0.000000E+00  0.000000E+00  0.000000E+00  0.567357E+00
  0.137302E+03  0.558844E+00  0.477504E+00  0.000000E+00  0.000000E+00  0.000000E+00  0.546384E+00
  0.140076E+03  0.538305E+00  0.459118E+00  0.000000E+00  0.000000E+00  0.000000E+00  0.526175E+00
  0.142905E+03  0.518515E+00  0.441404E+00  0.000000E+00  0.000000E+00  0.000000E+00  0.506703E+00
  0.145792E+03  0.499445E+00  0.424333E+00  0.000000E+00  0.000000E+00  0.000000E+00  0.487939E+00
  0.148737E+03  0.481069E+00  0.407885E+00  0.000000E+00  0.000000E+00  0.000000E+00  0.469858E+00
  0.151742E+03  0.463363E+00  0.392037E+00  0.000000E+00  0.000000E+00  0.000000E+00  0.452437E+00
  0.154807E+03  0.446303E+00  0.376768E+00  0.000000E+00  0.000000E+00  0.000000E+00  0.435652E+00
  0.157935E+03  0.429864E+00  0.362055E+00  0.000000E+00  0.000000E+00  0.000000E+00  0.419477E+00
  0.161125E+03  0.414024E+00  0.347880E+00  0.000000E+00  0.000000E+00  0.000000E+00  0.403892E+00
  0.164380E+03  0.398762E+00  0.334223E+00  0.000000E+00  0.000000E+00  0.000000E+00  0.388876E+00
  0.167701E+03  0.384058E+00  0.321066E+00  0.000000E+00  0.000000E+00  0.000000E+00  0.374409E+00
  0.171088E+03  0.369889E+00  0.308390E+00  0.000000E+00  0.000000E+00  0.000000E+00  0.360469E+00
  0.174545E+03  0.356238E+00  0.296177E+00  0.000000E+00  0.000000E+00  0.000000E+00  0.347037E+00
  0.178071E+03  0.343084E+00  0.284412E+00  0.000000E+00  0.000000E+00  0.000000E+00  0.334096E+00
  0.181668E+03  0.330412E+00  0.273079E+00  0.000000E+00  0.000000E+00  0.000000E+00  0.321630E+00
  0.185338E+03  0.318202E+00  0.262161E+00  0.000000E+00  0.000000E+00  0.000000E+00  0.309617E+00
  0.189082E+03  0.306437E+00  0.251644E+00  0.000000E+00  0.000000E+00  0.000000E+00  0.298044E+00
  0.192902E+03  0.295102E+00  0.241513E+00  0.000000E+00  0.000000E+00  0.000000E+00  0.286893E+00
  0.196798E+03  0.284183E+00  0.231756E+00  0.000000E+00  0.000000E+00  0.000000E+00  0.276152E+00
  0.200774E+03  0.273662E+00  0.222358E+00  0.000000E+00  0.000000E+00  0.000000E+00  0.265803E+00
  0.204830E+03  0.263525E+00  0.213305E+00  0.000000E+00  0.000000E+00  0.000000E+00  0.255832E+00
  0.208968E+03  0.253759E+00  0.204587E+00  0.000000E+00  0.000000E+00  0.000000E+00  0.246227E+00
  0.213189E+03  0.244352E+00  0.196192E+00  0.000000E+00  0.000000E+00  0.000000E+00  0.236974E+00
  0.217496E+03  0.235287E+00  0.188106E+00  0.000000E+00  0.000000E+00  0.000000E+00  0.228060E+00
  0.221890E+03  0.226555E+00  0.180320E+00  0.000000E+00  0.000000E+00  0.000000E+00  0.219472E+00
  0.226372E+03  0.218142E+00  0.172823E+00  0.000000E+00  0.000000E+00  0.000000E+00  0.211200E+00
  0.230945E+03  0.210037E+00  0.165604E+00  0.000000E+00  0.000000E+00  0.000000E+00  0.203230E+00
  0.235611E+03  0.202230E+00  0.158654E+00  0.000000E+00  0.000000E+00  0.000000E+00  0.195555E+00
  0.240370E+03  0.194708E+00  0.151963E+00  0.000000E+00  0.000000E+00  0.000000E+00  0.188160E+00
  0.245226E+03  0.187461E+00  0.145522E+00  0.000000E+00  0.000000E+00  0.000000E+00  0.181037E+00
  0.250180E+03  0.180481E+00  0.139322E+00  0.000000E+00  0.000000E+00  0.000000E+00  0.174176E+00
  0.255234E+03  0.173757E+00  0.133355E+00  0.000000E+00  0.000000E+00  0.000000E+00  0.167568E+00
  0.260390E+03  0.167279E+00  0.127612E+00  0.000000E+00  0.000000E+00  0.000000E+00  0.161202E+00
  0.265650E+03  0.161038E+00  0.122085E+00  0.000000E+00  0.000000E+00  0.000000E+00  0.155071E+00
  0.271017E+03  0.155027E+00  0.116767E+00  0.000000E+00  0.000000E+00  0.000000E+00  0.149166E+00
  0.276492E+03  0.149237E+00  0.111652E+00  0.000000E+00  0.000000E+00  0.000000E+00  0.143480E+00
  0.282077E+03  0.143659E+00  0.106730E+00  0.000000E+00  0.000000E+00  0.000000E+00  0.138002E+00
  0.287776E+03  0.138286E+00  0.101995E+00  0.000000E+00  0.000000E+00  0.000000E+00  0.132727E+00
  0.293589E+03  0.133111E+00  0.974423E-01  0.000000E+00  0.000000E+00  0.000000E+00  0.127647E+00
  0.299520E+03  0.128126E+00  0.930645E-01  0.000000E+00  0.000000E+00  0.000000E+00  0.122755E+00
  0.305570E+03  0.123324E+00  0.888550E-01  0.000000E+00  0.000000E+00  0.000000E+00  0.118044E+00
  0.311744E+03  0.118699E+00  0.848084E-01  0.000000E+00  0.000000E+00  0.000000E+00  0.113508E+00
  0.318041E+03  0.114245E+00  0.809191E-01  0.000000E+00  0.000000E+00  0.000000E+00  0.109140E+00
  0.324466E+03  0.109954E+00  0.771821E-01  0.000000E+00  0.000000E+00  0.000000E+00  0.104934E+00
  0.331021E+03  0.105822E+00  0.735914E-01  0.000000E+00  0.000000E+00  0.000000E+00  0.100885E+00
  0.337708E+03  0.101842E+00  0.701423E-01  0.000000E+00  0.000000E+00  0.000000E+00  0.969857E-01
  0.344530E+03  0.980081E-01  0.668301E-01  0.000000E+00  0.000000E+00  0.000000E+00  0.932321E-01
  0.351490E+03  0.943165E-01  0.636503E-01  0.000000E+00  0.000000E+00  0.000000E+00  0.896190E-01
  0.358590E+03  0.907609E-01  0.605979E-01  0.000000E+00  0.000000E+00  0.000000E+00  0.861404E-01
  0.365834E+03  0.873367E-01  0.576688E-01  0.000000E+00  0.000000E+00  0.000000E+00  0.827921E-01
  0.373225E+03  0.840391E-01  0.548588E-01  0.000000E+00  0.000000E+00  0.000000E+00  0.795691E-01
  0.380765E+03  0.808634E-01  0.521640E-01  0.000000E+00  0.000000E+00  0.000000E+00  0.764671E-01
  0.388456E+03  0.778057E-01  0.495807E-01  0.000000E+00  0.000000E+00  0.000000E+00  0.734820E-01
  0.396304E+03  0.748608E-01  0.471046E-01  0.000000E+00  0.000000E+00  0.000000E+00  0.706090E-01
  0.404310E+03  0.720252E-01  0.447325E-01  0.000000E+00  0.000000E+00  0.000000E+00  0.678444E-01
  0.412477E+03  0.692948E-01  0.424608E-01  0.000000E+00  0.000000E+00  0.000000E+00  0.651842E-01
  0.420809E+03  0.666660E-01  0.402863E-01  0.000000E+00  0.000000E+00  0.000000E+00  0.626250E-01
  0.429311E+03  0.641346E-01  0.382054E-01  0.000000E+00  0.000000E+00  0.000000E+00  0.601627E-01
  0.437983E+03  0.616974E-01  0.362151E-01  0.000000E+00  0.000000E+00  0.000000E+00  0.577939E-01
  0.446832E+03  0.593509E-01  0.343124E-01  0.000000E+00  0.000000E+00  0.000000E+00  0.555154E-01
  0.455857E+03  0.570921E-01  0.324945E-01  0.000000E+00  0.000000E+00  0.000000E+00  0.533241E-01
  0.465067E+03  0.549172E-01  0.307583E-01  0.000000E+00  0.000000E+00  0.000000E+00  0.512165E-01
  0.474462E+03  0.528236E-01  0.291010E-01  0.000000E+00  0.000000E+00  0.000000E+00  0.491897E-01
  0.484047E+03  0.508083E-01  0.275201E-01  0.000000E+00  0.000000E+00  0.000000E+00  0.472409E-01
  0.493824E+03  0.488685E-01  0.260130E-01  0.000000E+00  0.000000E+00  0.000000E+00  0.453674E-01
  0.503801E+03  0.470012E-01  0.245770E-01  0.000000E+00  0.000000E+00  0.000000E+00  0.435662E-01
  0.513978E+03  0.452040E-01  0.232096E-01  0.000000E+00  0.000000E+00  0.000000E+00  0.418348E-01
  0.524362E+03  0.434742E-01  0.219086E-01  0.000000E+00  0.000000E+00  0.000000E+00  0.401707E-01
  0.534954E+03  0.418096E-01  0.206716E-01  0.000000E+00  0.000000E+00  0.000000E+00  0.385716E-01
  0.545761E+03  0.402076E-01  0.194961E-01  0.000000E+00  0.000000E+00  0.000000E+00  0.370349E-01
  0.556786E+03  0.386659E-01  0.183800E-01  0.000000E+00  0.000000E+00  0.000000E+00  0.355584E-01
  0.568034E+03  0.371825E-01  0.173211E-01  0.000000E+00  0.000000E+00  0.000000E+00  0.341400E-01
  0.579508E+03  0.357552E-01  0.163174E-01  0.000000E+00  0.000000E+00  0.000000E+00  0.327777E-01
  0.591215E+03  0.343819E-01  0.153665E-01  0.000000E+00  0.000000E+00  0.000000E+00  0.314690E-01
  0.603159E+03  0.330606E-01  0.144666E-01  0.000000E+00  0.000000E+00  0.000000E+00  0.302123E-01
  0.615344E+03  0.317895E-01  0.136154E-01  0.000000E+00  0.000000E+00  0.000000E+00  0.290056E-01
  0.627775E+03  0.305668E-01  0.128112E-01  0.000000E+00  0.000000E+00  0.000000E+00  0.278469E-01
  0.640456E+03  0.293907E-01  0.120519E-01  0.000000E+00  0.000000E+00  0.000000E+00  0.267347E-01
  0.653394E+03  0.282595E-01  0.113355E-01  0.000000E+00  0.000000E+00  0.000000E+00  0.256670E-01
  0.666594E+03  0.271714E-01  0.106602E-01  0.000000E+00  0.000000E+00  0.000000E+00  0.246421E-01
  0.680060E+03  0.261250E-01  0.100241E-01  0.000000E+00  0.000000E+00  0.000000E+00  0.236586E-01
  0.693798E+03  0.251188E-01  0.942539E-02  0.000000E+00  0.000000E+00  0.000000E+00  0.227148E-01
  0.707814E+03  0.241511E-01  0.886221E-02  0.000000E+00  0.000000E+00  0.000000E+00  0.218091E-01
  0.722113E+03  0.232206E-01  0.833282E-02  0.000000E+00  0.000000E+00  0.000000E+00  0.209400E-01
  0.736701E+03  0.223260E-01  0.783546E-02  0.000000E+00  0.000000E+00  0.000000E+00  0.201062E-01
  0.751582E+03  0.214659E-01  0.736849E-02  0.000000E+00  0.000000E+00  0.000000E+00  0.193064E-01
  0.766765E+03  0.206390E-01  0.693012E-02  0.000000E+00  0.000000E+00  0.000000E+00  0.185390E-01
  0.782255E+03  0.198440E-01  0.651878E-02  0.000000E+00  0.000000E+00  0.000000E+00  0.178028E-01
  0.798058E+03  0.190798E-01  0.613285E-02  0.000000E+00  0.000000E+00  0.000000E+00  0.170966E-01
  0.814179E+03  0.183453E-01  0.577083E-02  0.000000E+00  0.000000E+00  0.000000E+00  0.164191E-01
  0.830627E+03  0.176393E-01  0.543115E-02  0.000000E+00  0.000000E+00  0.000000E+00  0.157692E-01
  0.847407E+03  0.169606E-01  0.511237E-02  0.000000E+00  0.000000E+00  0.000000E+00  0.151457E-01
  0.864526E+03  0.163084E-01  0.481311E-02  0.000000E+00  0.000000E+00  0.000000E+00  0.145475E-01
  0.881989E+03  0.156815E-01  0.453203E-02  0.000000E+00  0.000000E+00  0.000000E+00  0.139736E-01
  0.899807E+03  0.150790E-01  0.426782E-02  0.000000E+00  0.000000E+00  0.000000E+00  0.134229E-01
  0.917985E+03  0.145000E-01  0.401929E-02  0.000000E+00  0.000000E+00  0.000000E+00  0.128945E-01
  0.936530E+03  0.139435E-01  0.378528E-02  0.000000E+00  0.000000E+00  0.000000E+00  0.123874E-01
  0.955448E+03  0.134087E-01  0.356474E-02  0.000000E+00  0.000000E+00  0.000000E+00  0.119007E-01
  0.974749E+03  0.128947E-01  0.335665E-02  0.000000E+00  0.000000E+00  0.000000E+00  0.114336E-01
  0.994441E+03  0.124007E-01  0.316009E-02  0.000000E+00  0.000000E+00  0.000000E+00  0.109852E-01
  0.101453E+04  0.119259E-01  0.297423E-02  0.000000E+00  0.000000E+00  0.000000E+00  0.105547E-01
