  0.101522E-04  0.380624E+06  0.380624E+06  0.507495E+06  0.507495E+06  0.000000E+00  0.380624E+06
  0.163964E-04  0.380624E+06  0.380624E+06  0.507489E+06  0.507488E+06  0.000000E+00  0.380624E+06
  0.264812E-04  0.380623E+06  0.380623E+06  0.507472E+06  0.507470E+06  0.000000E+00  0.380623E+06
  0.427687E-04  0.380622E+06  0.380622E+06  0.507429E+06  0.507424E+06  0.000000E+00  0.380622E+06
  0.690739E-04  0.380618E+06  0.380618E+06  0.507315E+06  0.507302E+06  0.000000E+00  0.380618E+06
  0.111558E-03  0.380608E+06  0.380607E+06  0.507020E+06  0.506986E+06  0.000000E+00  0.380608E+06
  0.180173E-03  0.380583E+06  0.380580E+06  0.506250E+06  0.506162E+06  0.000000E+00  0.380582E+06
  0.290991E-03  0.380516E+06  0.380508E+06  0.504247E+06  0.504018E+06  0.000000E+00  0.380515E+06
  0.469967E-03  0.380342E+06  0.380321E+06  0.499056E+06  0.498466E+06  0.000000E+00  0.380339E+06
  0.759025E-03  0.379890E+06  0.379837E+06  0.485740E+06  0.484244E+06  0.000000E+00  0.379882E+06
  0.122587E-02  0.378724E+06  0.378586E+06  0.452490E+06  0.448871E+06  0.000000E+00  0.378703E+06
  0.197985E-02  0.375773E+06  0.375413E+06  0.375146E+06  0.367450E+06  0.000000E+00  0.375718E+06
  0.319758E-02  0.368628E+06  0.367698E+06  0.226287E+06  0.215122E+06  0.000000E+00  0.368486E+06
  0.516427E-02  0.353009E+06  0.350638E+06  0.569487E+05  0.553204E+05  0.000000E+00  0.352646E+06
  0.834061E-02  0.324439E+06  0.318573E+06  0.240672E+05  0.224707E+05  0.000000E+00  0.323541E+06
  0.125109E-01  0.288772E+06  0.276739E+06  0.142801E+04  0.000000E+00  0.000000E+00  0.286929E+06
  0.166812E-01  0.256465E+06  0.237422E+06  0.104815E+04  0.000000E+00  0.000000E+00  0.253548E+06
  0.208515E-01  0.227444E+06  0.201600E+06  0.406988E+04  0.000000E+00  0.000000E+00  0.223485E+06
  0.250218E-01  0.201600E+06  0.170100E+06  0.834755E+03  0.000000E+00  0.000000E+00  0.196774E+06
  0.291921E-01  0.178927E+06  0.143604E+06  0.903973E+03  0.000000E+00  0.000000E+00  0.173516E+06
  0.333624E-01  0.159415E+06  0.122462E+06  0.947098E+03  0.000000E+00  0.000000E+00  0.153754E+06
  0.375327E-01  0.142959E+06  0.106578E+06  0.472744E+03  0.000000E+00  0.000000E+00  0.137386E+06
  0.417030E-01  0.129330E+06  0.954168E+05  0.289929E+03  0.000000E+00  0.000000E+00  0.124135E+06
  0.458733E-01  0.118148E+06  0.880582E+05  0.000000E+00  0.000000E+00  0.000000E+00  0.113539E+06
  0.500436E-01  0.109099E+06  0.835288E+05  0.000000E+00  0.000000E+00  0.000000E+00  0.105182E+06
  0.542139E-01  0.101580E+06  0.805610E+05  0.000000E+00  0.000000E+00  0.000000E+00  0.983605E+05
  0.583842E-01  0.951994E+05  0.781946E+05  0.000000E+00  0.000000E+00  0.000000E+00  0.925945E+05
  0.625545E-01  0.895452E+05  0.756282E+05  0.000000E+00  0.000000E+00  0.000000E+00  0.874133E+05
  0.667249E-01  0.843280E+05  0.723891E+05  0.000000E+00  0.000000E+00  0.000000E+00  0.824991E+05
  0.708952E-01  0.793568E+05  0.683088E+05  0.000000E+00  0.000000E+00  0.000000E+00  0.776644E+05
  0.750655E-01  0.745516E+05  0.634994E+05  0.000000E+00  0.000000E+00  0.000000E+00  0.728586E+05
  0.792358E-01  0.699240E+05  0.582772E+05  0.000000E+00  0.000000E+00  0.000000E+00  0.681399E+05
  0.834061E-01  0.655330E+05  0.530484E+05  0.000000E+00  0.000000E+00  0.000000E+00  0.636205E+05
  0.875764E-01  0.614472E+05  0.482057E+05  0.000000E+00  0.000000E+00  0.000000E+00  0.594188E+05
  0.938217E-01  0.560333E+05  0.423248E+05  0.000000E+00  0.000000E+00  0.000000E+00  0.539333E+05
  0.100067E+00  0.515783E+05  0.385029E+05  0.000000E+00  0.000000E+00  0.000000E+00  0.495753E+05
  0.106312E+00  0.480385E+05  0.365452E+05  0.000000E+00  0.000000E+00  0.000000E+00  0.462779E+05
  0.112558E+00  0.451940E+05  0.357192E+05  0.000000E+00  0.000000E+00  0.000000E+00  0.437426E+05
  0.118803E+00  0.427695E+05  0.351462E+05  0.000000E+00  0.000000E+00  0.000000E+00  0.416017E+05
  0.125048E+00  0.405033E+05  0.341174E+05  0.000000E+00  0.000000E+00  0.000000E+00  0.395251E+05
  0.131294E+00  0.382129E+05  0.322989E+05  0.000000E+00  0.000000E+00  0.000000E+00  0.373070E+05
  0.137539E+00  0.358810E+05  0.298174E+05  0.000000E+00  0.000000E+00  0.000000E+00  0.349521E+05
  0.143784E+00  0.336109E+05  0.271074E+05  0.000000E+00  0.000000E+00  0.000000E+00  0.326147E+05
  0.150030E+00  0.315090E+05  0.246344E+05  0.000000E+00  0.000000E+00  0.000000E+00  0.304559E+05
  0.156275E+00  0.296552E+05  0.227308E+05  0.000000E+00  0.000000E+00  0.000000E+00  0.285945E+05
  0.162520E+00  0.281007E+05  0.215238E+05  0.000000E+00  0.000000E+00  0.000000E+00  0.270933E+05
  0.168766E+00  0.268223E+05  0.208967E+05  0.000000E+00  0.000000E+00  0.000000E+00  0.259146E+05
  0.175011E+00  0.257268E+05  0.205618E+05  0.000000E+00  0.000000E+00  0.000000E+00  0.249356E+05
  0.181256E+00  0.247168E+05  0.202172E+05  0.000000E+00  0.000000E+00  0.000000E+00  0.240275E+05
  0.187502E+00  0.237243E+05  0.196573E+05  0.000000E+00  0.000000E+00  0.000000E+00  0.231013E+05
  0.193747E+00  0.227123E+05  0.188113E+05  0.000000E+00  0.000000E+00  0.000000E+00  0.221147E+05
  0.199992E+00  0.216824E+05  0.177436E+05  0.000000E+00  0.000000E+00  0.000000E+00  0.210790E+05
  0.206238E+00  0.206710E+05  0.166097E+05  0.000000E+00  0.000000E+00  0.000000E+00  0.200489E+05
  0.212483E+00  0.197228E+05  0.155760E+05  0.000000E+00  0.000000E+00  0.000000E+00  0.190876E+05
  0.218728E+00  0.188707E+05  0.147565E+05  0.000000E+00  0.000000E+00  0.000000E+00  0.182405E+05
  0.224974E+00  0.181279E+05  0.141846E+05  0.000000E+00  0.000000E+00  0.000000E+00  0.175239E+05
  0.231219E+00  0.174834E+05  0.138130E+05  0.000000E+00  0.000000E+00  0.000000E+00  0.169212E+05
  0.237464E+00  0.169061E+05  0.135422E+05  0.000000E+00  0.000000E+00  0.000000E+00  0.163908E+05
  0.243710E+00  0.163611E+05  0.132674E+05  0.000000E+00  0.000000E+00  0.000000E+00  0.158872E+05
  0.249955E+00  0.158238E+05  0.129180E+05  0.000000E+00  0.000000E+00  0.000000E+00  0.153786E+05
  0.256200E+00  0.152837E+05  0.124728E+05  0.000000E+00  0.000000E+00  0.000000E+00  0.148531E+05
  0.262446E+00  0.147427E+05  0.119553E+05  0.000000E+00  0.000000E+00  0.000000E+00  0.143157E+05
  0.268691E+00  0.142124E+05  0.114177E+05  0.000000E+00  0.000000E+00  0.000000E+00  0.137843E+05
  0.274936E+00  0.137092E+05  0.109181E+05  0.000000E+00  0.000000E+00  0.000000E+00  0.132817E+05
  0.281182E+00  0.132459E+05  0.104973E+05  0.000000E+00  0.000000E+00  0.000000E+00  0.128249E+05
  0.287427E+00  0.128256E+05  0.101657E+05  0.000000E+00  0.000000E+00  0.000000E+00  0.124182E+05
  0.293672E+00  0.124430E+05  0.990644E+04  0.000000E+00  0.000000E+00  0.000000E+00  0.120545E+05
  0.299918E+00  0.120893E+05  0.968808E+04  0.000000E+00  0.000000E+00  0.000000E+00  0.117215E+05
  0.306163E+00  0.117539E+05  0.947626E+04  0.000000E+00  0.000000E+00  0.000000E+00  0.114050E+05
  0.312408E+00  0.114267E+05  0.924457E+04  0.000000E+00  0.000000E+00  0.000000E+00  0.110924E+05
  0.318654E+00  0.111022E+05  0.898314E+04  0.000000E+00  0.000000E+00  0.000000E+00  0.107776E+05
  0.324899E+00  0.107817E+05  0.869952E+04  0.000000E+00  0.000000E+00  0.000000E+00  0.104627E+05
  0.331144E+00  0.104691E+05  0.841110E+04  0.000000E+00  0.000000E+00  0.000000E+00  0.101538E+05
  0.337390E+00  0.101692E+05  0.813675E+04  0.000000E+00  0.000000E+00  0.000000E+00  0.985786E+04
  0.343635E+00  0.988632E+04  0.789077E+04  0.000000E+00  0.000000E+00  0.000000E+00  0.958063E+04
  0.349880E+00  0.962219E+04  0.767826E+04  0.000000E+00  0.000000E+00  0.000000E+00  0.932441E+04
  0.356126E+00  0.937523E+04  0.749452E+04  0.000000E+00  0.000000E+00  0.000000E+00  0.908713E+04
  0.362371E+00  0.914211E+04  0.732905E+04  0.000000E+00  0.000000E+00  0.000000E+00  0.886438E+04
  0.368617E+00  0.891920E+04  0.717027E+04  0.000000E+00  0.000000E+00  0.000000E+00  0.865129E+04
  0.374862E+00  0.870301E+04  0.700884E+04  0.000000E+00  0.000000E+00  0.000000E+00  0.844349E+04
  0.381107E+00  0.849135E+04  0.684046E+04  0.000000E+00  0.000000E+00  0.000000E+00  0.823846E+04
  0.387353E+00  0.828411E+04  0.666668E+04  0.000000E+00  0.000000E+00  0.000000E+00  0.803634E+04
  0.393598E+00  0.808247E+04  0.649279E+04  0.000000E+00  0.000000E+00  0.000000E+00  0.783896E+04
  0.399843E+00  0.788776E+04  0.632483E+04  0.000000E+00  0.000000E+00  0.000000E+00  0.764835E+04
  0.406089E+00  0.770112E+04  0.616760E+04  0.000000E+00  0.000000E+00  0.000000E+00  0.746621E+04
  0.407457E+00  0.766141E+04  0.613493E+04  0.000000E+00  0.000000E+00  0.000000E+00  0.742758E+04
  0.415689E+00  0.743153E+04  0.595131E+04  0.000000E+00  0.000000E+00  0.000000E+00  0.720478E+04
  0.424086E+00  0.721154E+04  0.578301E+04  0.000000E+00  0.000000E+00  0.000000E+00  0.699271E+04
  0.432653E+00  0.699852E+04  0.562125E+04  0.000000E+00  0.000000E+00  0.000000E+00  0.678755E+04
  0.441393E+00  0.679021E+04  0.545856E+04  0.000000E+00  0.000000E+00  0.000000E+00  0.658622E+04
  0.450310E+00  0.658539E+04  0.529230E+04  0.000000E+00  0.000000E+00  0.000000E+00  0.638731E+04
  0.459407E+00  0.638446E+04  0.512548E+04  0.000000E+00  0.000000E+00  0.000000E+00  0.619161E+04
  0.468688E+00  0.618932E+04  0.496428E+04  0.000000E+00  0.000000E+00  0.000000E+00  0.600166E+04
  0.478156E+00  0.600089E+04  0.481231E+04  0.000000E+00  0.000000E+00  0.000000E+00  0.581882E+04
  0.487815E+00  0.581933E+04  0.466930E+04  0.000000E+00  0.000000E+00  0.000000E+00  0.564316E+04
  0.497670E+00  0.564342E+04  0.453143E+04  0.000000E+00  0.000000E+00  0.000000E+00  0.547308E+04
  0.507723E+00  0.547195E+04  0.439508E+04  0.000000E+00  0.000000E+00  0.000000E+00  0.530699E+04
  0.517980E+00  0.530444E+04  0.425948E+04  0.000000E+00  0.000000E+00  0.000000E+00  0.514437E+04
  0.528444E+00  0.514121E+04  0.412648E+04  0.000000E+00  0.000000E+00  0.000000E+00  0.498577E+04
  0.539119E+00  0.498308E+04  0.399866E+04  0.000000E+00  0.000000E+00  0.000000E+00  0.483229E+04
  0.550010E+00  0.483001E+04  0.387643E+04  0.000000E+00  0.000000E+00  0.000000E+00  0.468394E+04
  0.561121E+00  0.468178E+04  0.375865E+04  0.000000E+00  0.000000E+00  0.000000E+00  0.454037E+04
  0.572456E+00  0.453756E+04  0.364339E+04  0.000000E+00  0.000000E+00  0.000000E+00  0.440059E+04
  0.584021E+00  0.439729E+04  0.353038E+04  0.000000E+00  0.000000E+00  0.000000E+00  0.426449E+04
  0.595818E+00  0.426087E+04  0.342025E+04  0.000000E+00  0.000000E+00  0.000000E+00  0.413210E+04
  0.607855E+00  0.412869E+04  0.331403E+04  0.000000E+00  0.000000E+00  0.000000E+00  0.400390E+04
  0.620134E+00  0.400053E+04  0.321150E+04  0.000000E+00  0.000000E+00  0.000000E+00  0.387966E+04
  0.632662E+00  0.387622E+04  0.311203E+04  0.000000E+00  0.000000E+00  0.000000E+00  0.375916E+04
  0.645442E+00  0.375542E+04  0.301504E+04  0.000000E+00  0.000000E+00  0.000000E+00  0.364201E+04
  0.658481E+00  0.363813E+04  0.292069E+04  0.000000E+00  0.000000E+00  0.000000E+00  0.352823E+04
  0.671783E+00  0.352437E+04  0.282931E+04  0.000000E+00  0.000000E+00  0.000000E+00  0.341790E+04
  0.685355E+00  0.341402E+04  0.274083E+04  0.000000E+00  0.000000E+00  0.000000E+00  0.331090E+04
  0.699199E+00  0.330702E+04  0.265504E+04  0.000000E+00  0.000000E+00  0.000000E+00  0.320715E+04
  0.713324E+00  0.320312E+04  0.257162E+04  0.000000E+00  0.000000E+00  0.000000E+00  0.310639E+04
  0.727734E+00  0.310235E+04  0.249069E+04  0.000000E+00  0.000000E+00  0.000000E+00  0.300865E+04
  0.742436E+00  0.300462E+04  0.241226E+04  0.000000E+00  0.000000E+00  0.000000E+00  0.291388E+04
  0.757434E+00  0.290980E+04  0.233616E+04  0.000000E+00  0.000000E+00  0.000000E+00  0.282192E+04
  0.772735E+00  0.281783E+04  0.226234E+04  0.000000E+00  0.000000E+00  0.000000E+00  0.273274E+04
  0.788345E+00  0.272865E+04  0.219074E+04  0.000000E+00  0.000000E+00  0.000000E+00  0.264625E+04
  0.804271E+00  0.264213E+04  0.212129E+04  0.000000E+00  0.000000E+00  0.000000E+00  0.256235E+04
  0.820519E+00  0.255825E+04  0.205396E+04  0.000000E+00  0.000000E+00  0.000000E+00  0.248100E+04
  0.837094E+00  0.247693E+04  0.198868E+04  0.000000E+00  0.000000E+00  0.000000E+00  0.240214E+04
  0.854005E+00  0.239807E+04  0.192537E+04  0.000000E+00  0.000000E+00  0.000000E+00  0.232566E+04
  0.871256E+00  0.232161E+04  0.186399E+04  0.000000E+00  0.000000E+00  0.000000E+00  0.225151E+04
  0.888857E+00  0.224749E+04  0.180450E+04  0.000000E+00  0.000000E+00  0.000000E+00  0.217963E+04
  0.906813E+00  0.217566E+04  0.174684E+04  0.000000E+00  0.000000E+00  0.000000E+00  0.210997E+04
  0.925132E+00  0.210603E+04  0.169094E+04  0.000000E+00  0.000000E+00  0.000000E+00  0.204244E+04
  0.943821E+00  0.203853E+04  0.163675E+04  0.000000E+00  0.000000E+00  0.000000E+00  0.197698E+04
  0.962887E+00  0.197310E+04  0.158422E+04  0.000000E+00  0.000000E+00  0.000000E+00  0.191353E+04
  0.982339E+00  0.190969E+04  0.153332E+04  0.000000E+00  0.000000E+00  0.000000E+00  0.185203E+04
  0.100218E+01  0.184823E+04  0.148398E+04  0.000000E+00  0.000000E+00  0.000000E+00  0.179244E+04
  0.102243E+01  0.178868E+04  0.143617E+04  0.000000E+00  0.000000E+00  0.000000E+00  0.173468E+04
  0.104308E+01  0.173097E+04  0.138984E+04  0.000000E+00  0.000000E+00  0.000000E+00  0.167871E+04
  0.106415E+01  0.167505E+04  0.134495E+04  0.000000E+00  0.000000E+00  0.000000E+00  0.162448E+04
  0.108565E+01  0.162086E+04  0.130145E+04  0.000000E+00  0.000000E+00  0.000000E+00  0.157194E+04
  0.110758E+01  0.156837E+04  0.125930E+04  0.000000E+00  0.000000E+00  0.000000E+00  0.152103E+04
  0.112996E+01  0.151752E+04  0.121848E+04  0.000000E+00  0.000000E+00  0.000000E+00  0.147171E+04
  0.115278E+01  0.146826E+04  0.117893E+04  0.000000E+00  0.000000E+00  0.000000E+00  0.142394E+04
  0.117607E+01  0.142054E+04  0.114062E+04  0.000000E+00  0.000000E+00  0.000000E+00  0.137766E+04
  0.119983E+01  0.137432E+04  0.110351E+04  0.000000E+00  0.000000E+00  0.000000E+00  0.133284E+04
  0.122407E+01  0.132955E+04  0.106757E+04  0.000000E+00  0.000000E+00  0.000000E+00  0.128942E+04
  0.124880E+01  0.128619E+04  0.103275E+04  0.000000E+00  0.000000E+00  0.000000E+00  0.124737E+04
  0.127402E+01  0.124419E+04  0.999034E+03  0.000000E+00  0.000000E+00  0.000000E+00  0.120663E+04
  0.129976E+01  0.120351E+04  0.966378E+03  0.000000E+00  0.000000E+00  0.000000E+00  0.116719E+04
  0.132602E+01  0.116413E+04  0.934754E+03  0.000000E+00  0.000000E+00  0.000000E+00  0.112899E+04
  0.135281E+01  0.112598E+04  0.904131E+03  0.000000E+00  0.000000E+00  0.000000E+00  0.109200E+04
  0.138013E+01  0.108905E+04  0.874480E+03  0.000000E+00  0.000000E+00  0.000000E+00  0.105618E+04
  0.140802E+01  0.105329E+04  0.845767E+03  0.000000E+00  0.000000E+00  0.000000E+00  0.102150E+04
  0.143646E+01  0.101867E+04  0.817968E+03  0.000000E+00  0.000000E+00  0.000000E+00  0.987926E+03
  0.146548E+01  0.985153E+03  0.791057E+03  0.000000E+00  0.000000E+00  0.000000E+00  0.955421E+03
  0.149508E+01  0.952703E+03  0.765003E+03  0.000000E+00  0.000000E+00  0.000000E+00  0.923950E+03
  0.152529E+01  0.921285E+03  0.739777E+03  0.000000E+00  0.000000E+00  0.000000E+00  0.893481E+03
  0.155610E+01  0.890878E+03  0.715363E+03  0.000000E+00  0.000000E+00  0.000000E+00  0.863992E+03
  0.158753E+01  0.861442E+03  0.691729E+03  0.000000E+00  0.000000E+00  0.000000E+00  0.835444E+03
  0.161960E+01  0.832950E+03  0.668852E+03  0.000000E+00  0.000000E+00  0.000000E+00  0.807813E+03
  0.165232E+01  0.805374E+03  0.646711E+03  0.000000E+00  0.000000E+00  0.000000E+00  0.781069E+03
  0.168570E+01  0.778681E+03  0.625279E+03  0.000000E+00  0.000000E+00  0.000000E+00  0.755182E+03
  0.171975E+01  0.752849E+03  0.604537E+03  0.000000E+00  0.000000E+00  0.000000E+00  0.730130E+03
  0.175449E+01  0.727846E+03  0.584461E+03  0.000000E+00  0.000000E+00  0.000000E+00  0.705882E+03
  0.178994E+01  0.703653E+03  0.565035E+03  0.000000E+00  0.000000E+00  0.000000E+00  0.682419E+03
  0.182610E+01  0.680242E+03  0.546237E+03  0.000000E+00  0.000000E+00  0.000000E+00  0.659714E+03
  0.186299E+01  0.657589E+03  0.528048E+03  0.000000E+00  0.000000E+00  0.000000E+00  0.637745E+03
  0.190062E+01  0.635672E+03  0.510451E+03  0.000000E+00  0.000000E+00  0.000000E+00  0.616490E+03
  0.193902E+01  0.614463E+03  0.493421E+03  0.000000E+00  0.000000E+00  0.000000E+00  0.595922E+03
  0.197819E+01  0.593944E+03  0.476945E+03  0.000000E+00  0.000000E+00  0.000000E+00  0.576021E+03
  0.201815E+01  0.574091E+03  0.461004E+03  0.000000E+00  0.000000E+00  0.000000E+00  0.556768E+03
  0.205892E+01  0.554885E+03  0.445582E+03  0.000000E+00  0.000000E+00  0.000000E+00  0.538142E+03
  0.210051E+01  0.536303E+03  0.430662E+03  0.000000E+00  0.000000E+00  0.000000E+00  0.520121E+03
  0.214294E+01  0.518329E+03  0.416229E+03  0.000000E+00  0.000000E+00  0.000000E+00  0.502689E+03
  0.218623E+01  0.500942E+03  0.402267E+03  0.000000E+00  0.000000E+00  0.000000E+00  0.485826E+03
  0.223040E+01  0.484124E+03  0.388763E+03  0.000000E+00  0.000000E+00  0.000000E+00  0.469516E+03
  0.227546E+01  0.467857E+03  0.375701E+03  0.000000E+00  0.000000E+00  0.000000E+00  0.453741E+03
  0.232143E+01  0.452124E+03  0.363068E+03  0.000000E+00  0.000000E+00  0.000000E+00  0.438482E+03
  0.236832E+01  0.436906E+03  0.350848E+03  0.000000E+00  0.000000E+00  0.000000E+00  0.423723E+03
  0.241616E+01  0.422188E+03  0.339029E+03  0.000000E+00  0.000000E+00  0.000000E+00  0.409449E+03
  0.246497E+01  0.407954E+03  0.327600E+03  0.000000E+00  0.000000E+00  0.000000E+00  0.395645E+03
  0.251477E+01  0.394188E+03  0.316546E+03  0.000000E+00  0.000000E+00  0.000000E+00  0.382294E+03
  0.256557E+01  0.380877E+03  0.305857E+03  0.000000E+00  0.000000E+00  0.000000E+00  0.369385E+03
  0.261740E+01  0.368004E+03  0.295520E+03  0.000000E+00  0.000000E+00  0.000000E+00  0.356901E+03
  0.267027E+01  0.355558E+03  0.285526E+03  0.000000E+00  0.000000E+00  0.000000E+00  0.344831E+03
  0.272422E+01  0.343522E+03  0.275862E+03  0.000000E+00  0.000000E+00  0.000000E+00  0.333158E+03
  0.277925E+01  0.331885E+03  0.266517E+03  0.000000E+00  0.000000E+00  0.000000E+00  0.321872E+03
  0.283539E+01  0.320633E+03  0.257482E+03  0.000000E+00  0.000000E+00  0.000000E+00  0.310959E+03
  0.289267E+01  0.309754E+03  0.248745E+03  0.000000E+00  0.000000E+00  0.000000E+00  0.300409E+03
  0.295111E+01  0.299236E+03  0.240299E+03  0.000000E+00  0.000000E+00  0.000000E+00  0.290208E+03
  0.301072E+01  0.289068E+03  0.232135E+03  0.000000E+00  0.000000E+00  0.000000E+00  0.280347E+03
  0.307155E+01  0.279238E+03  0.224241E+03  0.000000E+00  0.000000E+00  0.000000E+00  0.270814E+03
  0.313359E+01  0.269736E+03  0.216611E+03  0.000000E+00  0.000000E+00  0.000000E+00  0.261598E+03
  0.319690E+01  0.260551E+03  0.209234E+03  0.000000E+00  0.000000E+00  0.000000E+00  0.252690E+03
  0.326148E+01  0.251671E+03  0.202104E+03  0.000000E+00  0.000000E+00  0.000000E+00  0.244078E+03
  0.332737E+01  0.243088E+03  0.195211E+03  0.000000E+00  0.000000E+00  0.000000E+00  0.235754E+03
  0.339458E+01  0.234791E+03  0.188549E+03  0.000000E+00  0.000000E+00  0.000000E+00  0.227708E+03
  0.346316E+01  0.226772E+03  0.182109E+03  0.000000E+00  0.000000E+00  0.000000E+00  0.219930E+03
  0.353312E+01  0.219022E+03  0.175886E+03  0.000000E+00  0.000000E+00  0.000000E+00  0.212414E+03
  0.360449E+01  0.211531E+03  0.169870E+03  0.000000E+00  0.000000E+00  0.000000E+00  0.205150E+03
  0.367731E+01  0.204292E+03  0.164057E+03  0.000000E+00  0.000000E+00  0.000000E+00  0.198129E+03
  0.375159E+01  0.197295E+03  0.158438E+03  0.000000E+00  0.000000E+00  0.000000E+00  0.191343E+03
  0.382738E+01  0.190534E+03  0.153009E+03  0.000000E+00  0.000000E+00  0.000000E+00  0.184786E+03
  0.390470E+01  0.184000E+03  0.147761E+03  0.000000E+00  0.000000E+00  0.000000E+00  0.178448E+03
  0.398358E+01  0.177685E+03  0.142691E+03  0.000000E+00  0.000000E+00  0.000000E+00  0.172325E+03
  0.406405E+01  0.171584E+03  0.137791E+03  0.000000E+00  0.000000E+00  0.000000E+00  0.166407E+03
  0.414615E+01  0.165688E+03  0.133056E+03  0.000000E+00  0.000000E+00  0.000000E+00  0.160689E+03
  0.422991E+01  0.159991E+03  0.128482E+03  0.000000E+00  0.000000E+00  0.000000E+00  0.155165E+03
  0.431536E+01  0.154487E+03  0.124061E+03  0.000000E+00  0.000000E+00  0.000000E+00  0.149826E+03
  0.440254E+01  0.149168E+03  0.119790E+03  0.000000E+00  0.000000E+00  0.000000E+00  0.144668E+03
  0.449148E+01  0.144029E+03  0.115663E+03  0.000000E+00  0.000000E+00  0.000000E+00  0.139684E+03
  0.458221E+01  0.139064E+03  0.111676E+03  0.000000E+00  0.000000E+00  0.000000E+00  0.134869E+03
  0.467478E+01  0.134268E+03  0.107824E+03  0.000000E+00  0.000000E+00  0.000000E+00  0.130217E+03
  0.476921E+01  0.129634E+03  0.104103E+03  0.000000E+00  0.000000E+00  0.000000E+00  0.125723E+03
  0.486556E+01  0.125157E+03  0.100508E+03  0.000000E+00  0.000000E+00  0.000000E+00  0.121381E+03
  0.496384E+01  0.120832E+03  0.970346E+02  0.000000E+00  0.000000E+00  0.000000E+00  0.117187E+03
  0.506412E+01  0.116654E+03  0.936793E+02  0.000000E+00  0.000000E+00  0.000000E+00  0.113135E+03
  0.516642E+01  0.112619E+03  0.904383E+02  0.000000E+00  0.000000E+00  0.000000E+00  0.109221E+03
  0.527079E+01  0.108720E+03  0.873075E+02  0.000000E+00  0.000000E+00  0.000000E+00  0.105440E+03
  0.537727E+01  0.104955E+03  0.842836E+02  0.000000E+00  0.000000E+00  0.000000E+00  0.101788E+03
  0.548590E+01  0.101317E+03  0.813625E+02  0.000000E+00  0.000000E+00  0.000000E+00  0.982604E+02
  0.559672E+01  0.978038E+02  0.785410E+02  0.000000E+00  0.000000E+00  0.000000E+00  0.948531E+02
  0.570978E+01  0.944102E+02  0.758156E+02  0.000000E+00  0.000000E+00  0.000000E+00  0.915618E+02
  0.582512E+01  0.911328E+02  0.731836E+02  0.000000E+00  0.000000E+00  0.000000E+00  0.883832E+02
  0.594280E+01  0.879673E+02  0.706414E+02  0.000000E+00  0.000000E+00  0.000000E+00  0.853132E+02
  0.606285E+01  0.849101E+02  0.681862E+02  0.000000E+00  0.000000E+00  0.000000E+00  0.823482E+02
  0.618533E+01  0.819574E+02  0.658149E+02  0.000000E+00  0.000000E+00  0.000000E+00  0.794846E+02
  0.631029E+01  0.791057E+02  0.635248E+02  0.000000E+00  0.000000E+00  0.000000E+00  0.767189E+02
  0.643776E+01  0.763519E+02  0.613133E+02  0.000000E+00  0.000000E+00  0.000000E+00  0.740483E+02
  0.656782E+01  0.736925E+02  0.591775E+02  0.000000E+00  0.000000E+00  0.000000E+00  0.714691E+02
  0.670049E+01  0.711245E+02  0.571152E+02  0.000000E+00  0.000000E+00  0.000000E+00  0.689785E+02
  0.683585E+01  0.686446E+02  0.551236E+02  0.000000E+00  0.000000E+00  0.000000E+00  0.665734E+02
  0.697394E+01  0.662499E+02  0.532004E+02  0.000000E+00  0.000000E+00  0.000000E+00  0.642509E+02
  0.711483E+01  0.639374E+02  0.513432E+02  0.000000E+00  0.000000E+00  0.000000E+00  0.620082E+02
  0.725855E+01  0.617047E+02  0.495502E+02  0.000000E+00  0.000000E+00  0.000000E+00  0.598428E+02
  0.740519E+01  0.595488E+02  0.478187E+02  0.000000E+00  0.000000E+00  0.000000E+00  0.577519E+02
  0.755478E+01  0.574672E+02  0.461470E+02  0.000000E+00  0.000000E+00  0.000000E+00  0.557331E+02
  0.770740E+01  0.554572E+02  0.445327E+02  0.000000E+00  0.000000E+00  0.000000E+00  0.537837E+02
  0.786310E+01  0.535166E+02  0.429742E+02  0.000000E+00  0.000000E+00  0.000000E+00  0.519017E+02
  0.802195E+01  0.516430E+02  0.414695E+02  0.000000E+00  0.000000E+00  0.000000E+00  0.500846E+02
  0.818400E+01  0.498342E+02  0.400168E+02  0.000000E+00  0.000000E+00  0.000000E+00  0.483303E+02
  0.834933E+01  0.480878E+02  0.386143E+02  0.000000E+00  0.000000E+00  0.000000E+00  0.466366E+02
  0.851799E+01  0.464017E+02  0.372602E+02  0.000000E+00  0.000000E+00  0.000000E+00  0.450014E+02
  0.869007E+01  0.447740E+02  0.359530E+02  0.000000E+00  0.000000E+00  0.000000E+00  0.434228E+02
  0.886562E+01  0.432028E+02  0.346911E+02  0.000000E+00  0.000000E+00  0.000000E+00  0.418989E+02
  0.904472E+01  0.416859E+02  0.334728E+02  0.000000E+00  0.000000E+00  0.000000E+00  0.404277E+02
  0.922743E+01  0.402216E+02  0.322968E+02  0.000000E+00  0.000000E+00  0.000000E+00  0.390076E+02
  0.941384E+01  0.388080E+02  0.311615E+02  0.000000E+00  0.000000E+00  0.000000E+00  0.376367E+02
  0.960401E+01  0.374435E+02  0.300657E+02  0.000000E+00  0.000000E+00  0.000000E+00  0.363133E+02
  0.979803E+01  0.361264E+02  0.290078E+02  0.000000E+00  0.000000E+00  0.000000E+00  0.350359E+02
  0.999595E+01  0.348550E+02  0.279868E+02  0.000000E+00  0.000000E+00  0.000000E+00  0.338029E+02
  0.101979E+02  0.336278E+02  0.270012E+02  0.000000E+00  0.000000E+00  0.000000E+00  0.326127E+02
  0.104039E+02  0.324433E+02  0.260498E+02  0.000000E+00  0.000000E+00  0.000000E+00  0.314639E+02
  0.106141E+02  0.313000E+02  0.251317E+02  0.000000E+00  0.000000E+00  0.000000E+00  0.303551E+02
  0.108285E+02  0.301965E+02  0.242454E+02  0.000000E+00  0.000000E+00  0.000000E+00  0.292849E+02
  0.110472E+02  0.291315E+02  0.233900E+02  0.000000E+00  0.000000E+00  0.000000E+00  0.282520E+02
  0.112704E+02  0.281035E+02  0.225644E+02  0.000000E+00  0.000000E+00  0.000000E+00  0.272550E+02
  0.114981E+02  0.271115E+02  0.217677E+02  0.000000E+00  0.000000E+00  0.000000E+00  0.262929E+02
  0.117304E+02  0.261540E+02  0.209987E+02  0.000000E+00  0.000000E+00  0.000000E+00  0.253643E+02
  0.119673E+02  0.252299E+02  0.202565E+02  0.000000E+00  0.000000E+00  0.000000E+00  0.244681E+02
  0.122091E+02  0.243381E+02  0.195403E+02  0.000000E+00  0.000000E+00  0.000000E+00  0.236032E+02
  0.124557E+02  0.234776E+02  0.188491E+02  0.000000E+00  0.000000E+00  0.000000E+00  0.227685E+02
  0.127074E+02  0.226470E+02  0.181820E+02  0.000000E+00  0.000000E+00  0.000000E+00  0.219630E+02
  0.129641E+02  0.218455E+02  0.175383E+02  0.000000E+00  0.000000E+00  0.000000E+00  0.211857E+02
  0.132260E+02  0.210721E+02  0.169171E+02  0.000000E+00  0.000000E+00  0.000000E+00  0.204356E+02
  0.134931E+02  0.203257E+02  0.163177E+02  0.000000E+00  0.000000E+00  0.000000E+00  0.197118E+02
  0.137657E+02  0.196055E+02  0.157392E+02  0.000000E+00  0.000000E+00  0.000000E+00  0.190133E+02
  0.140438E+02  0.189106E+02  0.151811E+02  0.000000E+00  0.000000E+00  0.000000E+00  0.183393E+02
  0.143275E+02  0.182399E+02  0.146424E+02  0.000000E+00  0.000000E+00  0.000000E+00  0.176889E+02
  0.146169E+02  0.175929E+02  0.141227E+02  0.000000E+00  0.000000E+00  0.000000E+00  0.170613E+02
  0.149122E+02  0.169685E+02  0.136213E+02  0.000000E+00  0.000000E+00  0.000000E+00  0.164558E+02
  0.152135E+02  0.163661E+02  0.131374E+02  0.000000E+00  0.000000E+00  0.000000E+00  0.158715E+02
  0.155208E+02  0.157848E+02  0.126705E+02  0.000000E+00  0.000000E+00  0.000000E+00  0.153077E+02
  0.158343E+02  0.152240E+02  0.122201E+02  0.000000E+00  0.000000E+00  0.000000E+00  0.147638E+02
  0.161542E+02  0.146828E+02  0.117854E+02  0.000000E+00  0.000000E+00  0.000000E+00  0.142390E+02
  0.164805E+02  0.141607E+02  0.113661E+02  0.000000E+00  0.000000E+00  0.000000E+00  0.137327E+02
  0.168135E+02  0.136570E+02  0.109615E+02  0.000000E+00  0.000000E+00  0.000000E+00  0.132441E+02
  0.171531E+02  0.131710E+02  0.105712E+02  0.000000E+00  0.000000E+00  0.000000E+00  0.127728E+02
  0.174996E+02  0.127022E+02  0.101946E+02  0.000000E+00  0.000000E+00  0.000000E+00  0.123181E+02
  0.178532E+02  0.122498E+02  0.983130E+01  0.000000E+00  0.000000E+00  0.000000E+00  0.118794E+02
  0.182138E+02  0.118135E+02  0.948080E+01  0.000000E+00  0.000000E+00  0.000000E+00  0.114561E+02
  0.185818E+02  0.113925E+02  0.914265E+01  0.000000E+00  0.000000E+00  0.000000E+00  0.110478E+02
  0.189571E+02  0.109863E+02  0.881645E+01  0.000000E+00  0.000000E+00  0.000000E+00  0.106539E+02
  0.193401E+02  0.105945E+02  0.850174E+01  0.000000E+00  0.000000E+00  0.000000E+00  0.102739E+02
  0.197308E+02  0.102166E+02  0.819817E+01  0.000000E+00  0.000000E+00  0.000000E+00  0.990739E+01
  0.201294E+02  0.985197E+01  0.790531E+01  0.000000E+00  0.000000E+00  0.000000E+00  0.955377E+01
  0.205360E+02  0.950026E+01  0.762281E+01  0.000000E+00  0.000000E+00  0.000000E+00  0.921266E+01
  0.209509E+02  0.916097E+01  0.735029E+01  0.000000E+00  0.000000E+00  0.000000E+00  0.888360E+01
  0.213741E+02  0.883371E+01  0.708742E+01  0.000000E+00  0.000000E+00  0.000000E+00  0.856620E+01
  0.218059E+02  0.851801E+01  0.683384E+01  0.000000E+00  0.000000E+00  0.000000E+00  0.826002E+01
  0.222464E+02  0.821350E+01  0.658925E+01  0.000000E+00  0.000000E+00  0.000000E+00  0.796469E+01
  0.226958E+02  0.791977E+01  0.635331E+01  0.000000E+00  0.000000E+00  0.000000E+00  0.767981E+01
  0.231543E+02  0.763645E+01  0.612574E+01  0.000000E+00  0.000000E+00  0.000000E+00  0.740504E+01
  0.236221E+02  0.736317E+01  0.590623E+01  0.000000E+00  0.000000E+00  0.000000E+00  0.713999E+01
  0.240992E+02  0.709960E+01  0.569451E+01  0.000000E+00  0.000000E+00  0.000000E+00  0.688436E+01
  0.245861E+02  0.684536E+01  0.549029E+01  0.000000E+00  0.000000E+00  0.000000E+00  0.663778E+01
  0.250828E+02  0.660016E+01  0.529333E+01  0.000000E+00  0.000000E+00  0.000000E+00  0.639997E+01
  0.255895E+02  0.636365E+01  0.510335E+01  0.000000E+00  0.000000E+00  0.000000E+00  0.617059E+01
  0.261064E+02  0.613556E+01  0.492013E+01  0.000000E+00  0.000000E+00  0.000000E+00  0.594937E+01
  0.266338E+02  0.591555E+01  0.474341E+01  0.000000E+00  0.000000E+00  0.000000E+00  0.573600E+01
  0.271718E+02  0.570338E+01  0.457298E+01  0.000000E+00  0.000000E+00  0.000000E+00  0.553022E+01
  0.277207E+02  0.549875E+01  0.440860E+01  0.000000E+00  0.000000E+00  0.000000E+00  0.533175E+01
  0.282807E+02  0.530140E+01  0.425007E+01  0.000000E+00  0.000000E+00  0.000000E+00  0.514036E+01
  0.288520E+02  0.511107E+01  0.409718E+01  0.000000E+00  0.000000E+00  0.000000E+00  0.495576E+01
  0.294349E+02  0.492751E+01  0.394973E+01  0.000000E+00  0.000000E+00  0.000000E+00  0.477773E+01
  0.300295E+02  0.475050E+01  0.380753E+01  0.000000E+00  0.000000E+00  0.000000E+00  0.460605E+01
  0.306362E+02  0.457979E+01  0.367040E+01  0.000000E+00  0.000000E+00  0.000000E+00  0.444049E+01
  0.312550E+02  0.441517E+01  0.353815E+01  0.000000E+00  0.000000E+00  0.000000E+00  0.428082E+01
  0.318865E+02  0.425641E+01  0.341062E+01  0.000000E+00  0.000000E+00  0.000000E+00  0.412685E+01
  0.325306E+02  0.410332E+01  0.328764E+01  0.000000E+00  0.000000E+00  0.000000E+00  0.397837E+01
  0.331878E+02  0.395568E+01  0.316903E+01  0.000000E+00  0.000000E+00  0.000000E+00  0.383518E+01
  0.338582E+02  0.381332E+01  0.305467E+01  0.000000E+00  0.000000E+00  0.000000E+00  0.369711E+01
  0.345422E+02  0.367604E+01  0.294438E+01  0.000000E+00  0.000000E+00  0.000000E+00  0.356396E+01
  0.352400E+02  0.354367E+01  0.283804E+01  0.000000E+00  0.000000E+00  0.000000E+00  0.343558E+01
  0.359519E+02  0.341602E+01  0.273549E+01  0.000000E+00  0.000000E+00  0.000000E+00  0.331177E+01
  0.366781E+02  0.329293E+01  0.263661E+01  0.000000E+00  0.000000E+00  0.000000E+00  0.319239E+01
  0.374191E+02  0.317425E+01  0.254125E+01  0.000000E+00  0.000000E+00  0.000000E+00  0.307728E+01
  0.381750E+02  0.305981E+01  0.244931E+01  0.000000E+00  0.000000E+00  0.000000E+00  0.296629E+01
  0.389462E+02  0.294946E+01  0.236066E+01  0.000000E+00  0.000000E+00  0.000000E+00  0.285926E+01
  0.397329E+02  0.284306E+01  0.227518E+01  0.000000E+00  0.000000E+00  0.000000E+00  0.275607E+01
  0.405356E+02  0.274047E+01  0.219275E+01  0.000000E+00  0.000000E+00  0.000000E+00  0.265657E+01
  0.413545E+02  0.264156E+01  0.211329E+01  0.000000E+00  0.000000E+00  0.000000E+00  0.256064E+01
  0.421899E+02  0.254619E+01  0.203666E+01  0.000000E+00  0.000000E+00  0.000000E+00  0.246813E+01
  0.430422E+02  0.245423E+01  0.196278E+01  0.000000E+00  0.000000E+00  0.000000E+00  0.237895E+01
  0.439117E+02  0.236557E+01  0.189154E+01  0.000000E+00  0.000000E+00  0.000000E+00  0.229296E+01
  0.447988E+02  0.228010E+01  0.182286E+01  0.000000E+00  0.000000E+00  0.000000E+00  0.221006E+01
  0.457038E+02  0.219768E+01  0.175664E+01  0.000000E+00  0.000000E+00  0.000000E+00  0.213012E+01
  0.466270E+02  0.211823E+01  0.169280E+01  0.000000E+00  0.000000E+00  0.000000E+00  0.205306E+01
  0.475690E+02  0.204162E+01  0.163125E+01  0.000000E+00  0.000000E+00  0.000000E+00  0.197876E+01
  0.485300E+02  0.196776E+01  0.157190E+01  0.000000E+00  0.000000E+00  0.000000E+00  0.190713E+01
  0.495103E+02  0.189656E+01  0.151469E+01  0.000000E+00  0.000000E+00  0.000000E+00  0.183807E+01
  0.505105E+02  0.182792E+01  0.145953E+01  0.000000E+00  0.000000E+00  0.000000E+00  0.177149E+01
  0.515309E+02  0.176174E+01  0.140636E+01  0.000000E+00  0.000000E+00  0.000000E+00  0.170730E+01
  0.525719E+02  0.169794E+01  0.135509E+01  0.000000E+00  0.000000E+00  0.000000E+00  0.164542E+01
  0.536339E+02  0.163644E+01  0.130566E+01  0.000000E+00  0.000000E+00  0.000000E+00  0.158577E+01
  0.547174E+02  0.157715E+01  0.125801E+01  0.000000E+00  0.000000E+00  0.000000E+00  0.152826E+01
  0.558227E+02  0.151999E+01  0.121208E+01  0.000000E+00  0.000000E+00  0.000000E+00  0.147282E+01
  0.569504E+02  0.146488E+01  0.116780E+01  0.000000E+00  0.000000E+00  0.000000E+00  0.141938E+01
  0.581009E+02  0.141177E+01  0.112511E+01  0.000000E+00  0.000000E+00  0.000000E+00  0.136786E+01
  0.592746E+02  0.136056E+01  0.108396E+01  0.000000E+00  0.000000E+00  0.000000E+00  0.131819E+01
  0.604720E+02  0.131120E+01  0.104428E+01  0.000000E+00  0.000000E+00  0.000000E+00  0.127031E+01
  0.616937E+02  0.126362E+01  0.100604E+01  0.000000E+00  0.000000E+00  0.000000E+00  0.122416E+01
  0.629399E+02  0.121775E+01  0.969176E+00  0.000000E+00  0.000000E+00  0.000000E+00  0.117967E+01
  0.642114E+02  0.117353E+01  0.933638E+00  0.000000E+00  0.000000E+00  0.000000E+00  0.113679E+01
  0.655085E+02  0.113091E+01  0.899382E+00  0.000000E+00  0.000000E+00  0.000000E+00  0.109545E+01
  0.668319E+02  0.108983E+01  0.866360E+00  0.000000E+00  0.000000E+00  0.000000E+00  0.105560E+01
  0.681820E+02  0.105023E+01  0.834529E+00  0.000000E+00  0.000000E+00  0.000000E+00  0.101719E+01
  0.695594E+02  0.101206E+01  0.803845E+00  0.000000E+00  0.000000E+00  0.000000E+00  0.980163E+00
  0.709645E+02  0.975266E+00  0.774270E+00  0.000000E+00  0.000000E+00  0.000000E+00  0.944476E+00
  0.723982E+02  0.939800E+00  0.745760E+00  0.000000E+00  0.000000E+00  0.000000E+00  0.910076E+00
  0.738607E+02  0.905617E+00  0.718280E+00  0.000000E+00  0.000000E+00  0.000000E+00  0.876920E+00
  0.753528E+02  0.872668E+00  0.691791E+00  0.000000E+00  0.000000E+00  0.000000E+00  0.844960E+00
  0.768750E+02  0.840910E+00  0.666260E+00  0.000000E+00  0.000000E+00  0.000000E+00  0.814157E+00
  0.784280E+02  0.810300E+00  0.641650E+00  0.000000E+00  0.000000E+00  0.000000E+00  0.784465E+00
  0.800124E+02  0.780796E+00  0.617929E+00  0.000000E+00  0.000000E+00  0.000000E+00  0.755847E+00
  0.816287E+02  0.752360E+00  0.595067E+00  0.000000E+00  0.000000E+00  0.000000E+00  0.728265E+00
  0.832777E+02  0.724952E+00  0.573029E+00  0.000000E+00  0.000000E+00  0.000000E+00  0.701680E+00
  0.849600E+02  0.698537E+00  0.551790E+00  0.000000E+00  0.000000E+00  0.000000E+00  0.676058E+00
  0.866764E+02  0.673077E+00  0.531318E+00  0.000000E+00  0.000000E+00  0.000000E+00  0.651362E+00
  0.884273E+02  0.648540E+00  0.511587E+00  0.000000E+00  0.000000E+00  0.000000E+00  0.627561E+00
  0.902137E+02  0.624890E+00  0.492568E+00  0.000000E+00  0.000000E+00  0.000000E+00  0.604620E+00
  0.920362E+02  0.602097E+00  0.474239E+00  0.000000E+00  0.000000E+00  0.000000E+00  0.582511E+00
  0.938953E+02  0.580132E+00  0.456574E+00  0.000000E+00  0.000000E+00  0.000000E+00  0.561205E+00
  0.957921E+02  0.558961E+00  0.439548E+00  0.000000E+00  0.000000E+00  0.000000E+00  0.540668E+00
  0.977273E+02  0.538557E+00  0.423138E+00  0.000000E+00  0.000000E+00  0.000000E+00  0.520877E+00
  0.997016E+02  0.518893E+00  0.407322E+00  0.000000E+00  0.000000E+00  0.000000E+00  0.501802E+00
  0.101716E+03  0.499944E+00  0.392081E+00  0.000000E+00  0.000000E+00  0.000000E+00  0.483421E+00
  0.103770E+03  0.481681E+00  0.377391E+00  0.000000E+00  0.000000E+00  0.000000E+00  0.465705E+00
  0.105867E+03  0.464081E+00  0.363233E+00  0.000000E+00  0.000000E+00  0.000000E+00  0.448632E+00
  0.108005E+03  0.447119E+00  0.349589E+00  0.000000E+00  0.000000E+00  0.000000E+00  0.432179E+00
  0.110187E+03  0.430774E+00  0.336441E+00  0.000000E+00  0.000000E+00  0.000000E+00  0.416324E+00
  0.112413E+03  0.415022E+00  0.323768E+00  0.000000E+00  0.000000E+00  0.000000E+00  0.401043E+00
  0.114684E+03  0.399842E+00  0.311556E+00  0.000000E+00  0.000000E+00  0.000000E+00  0.386318E+00
  0.117001E+03  0.385213E+00  0.299786E+00  0.000000E+00  0.000000E+00  0.000000E+00  0.372127E+00
  0.119364E+03  0.371117E+00  0.288445E+00  0.000000E+00  0.000000E+00  0.000000E+00  0.358453E+00
  0.121776E+03  0.357532E+00  0.277515E+00  0.000000E+00  0.000000E+00  0.000000E+00  0.345275E+00
  0.124236E+03  0.344441E+00  0.266982E+00  0.000000E+00  0.000000E+00  0.000000E+00  0.332575E+00
  0.126746E+03  0.331826E+00  0.256831E+00  0.000000E+00  0.000000E+00  0.000000E+00  0.320338E+00
  0.129306E+03  0.319671E+00  0.247051E+00  0.000000E+00  0.000000E+00  0.000000E+00  0.308546E+00
  0.131918E+03  0.307957E+00  0.237624E+00  0.000000E+00  0.000000E+00  0.000000E+00  0.297183E+00
  0.134583E+03  0.296669E+00  0.228541E+00  0.000000E+00  0.000000E+00  0.000000E+00  0.286233E+00
  0.137302E+03  0.285792E+00  0.219788E+00  0.000000E+00  0.000000E+00  0.000000E+00  0.275681E+00
  0.140076E+03  0.275311E+00  0.211354E+00  0.000000E+00  0.000000E+00  0.000000E+00  0.265514E+00
  0.142905E+03  0.265213E+00  0.203227E+00  0.000000E+00  0.000000E+00  0.000000E+00  0.255717E+00
  0.145792E+03  0.255481E+00  0.195396E+00  0.000000E+00  0.000000E+00  0.000000E+00  0.246277E+00
  0.148737E+03  0.246104E+00  0.187850E+00  0.000000E+00  0.000000E+00  0.000000E+00  0.237180E+00
  0.151742E+03  0.237069E+00  0.180578E+00  0.000000E+00  0.000000E+00  0.000000E+00  0.228415E+00
  0.154807E+03  0.228363E+00  0.173573E+00  0.000000E+00  0.000000E+00  0.000000E+00  0.219970E+00
  0.157935E+03  0.219975E+00  0.166822E+00  0.000000E+00  0.000000E+00  0.000000E+00  0.211832E+00
  0.161125E+03  0.211892E+00  0.160317E+00  0.000000E+00  0.000000E+00  0.000000E+00  0.203991E+00
  0.164380E+03  0.204103E+00  0.154050E+00  0.000000E+00  0.000000E+00  0.000000E+00  0.196436E+00
  0.167701E+03  0.196600E+00  0.148012E+00  0.000000E+00  0.000000E+00  0.000000E+00  0.189157E+00
  0.171088E+03  0.189370E+00  0.142194E+00  0.000000E+00  0.000000E+00  0.000000E+00  0.182143E+00
  0.174545E+03  0.182403E+00  0.136589E+00  0.000000E+00  0.000000E+00  0.000000E+00  0.175385E+00
  0.178071E+03  0.175691E+00  0.131189E+00  0.000000E+00  0.000000E+00  0.000000E+00  0.168874E+00
  0.181668E+03  0.169224E+00  0.125986E+00  0.000000E+00  0.000000E+00  0.000000E+00  0.162601E+00
  0.185338E+03  0.162993E+00  0.120974E+00  0.000000E+00  0.000000E+00  0.000000E+00  0.156557E+00
  0.189082E+03  0.156990E+00  0.116146E+00  0.000000E+00  0.000000E+00  0.000000E+00  0.150733E+00
  0.192902E+03  0.151206E+00  0.111494E+00  0.000000E+00  0.000000E+00  0.000000E+00  0.145122E+00
  0.196798E+03  0.145633E+00  0.107013E+00  0.000000E+00  0.000000E+00  0.000000E+00  0.139717E+00
  0.200774E+03  0.140264E+00  0.102697E+00  0.000000E+00  0.000000E+00  0.000000E+00  0.134509E+00
  0.204830E+03  0.135091E+00  0.985385E-01  0.000000E+00  0.000000E+00  0.000000E+00  0.129492E+00
  0.208968E+03  0.130107E+00  0.945334E-01  0.000000E+00  0.000000E+00  0.000000E+00  0.124658E+00
  0.213189E+03  0.125306E+00  0.906761E-01  0.000000E+00  0.000000E+00  0.000000E+00  0.120002E+00
  0.217496E+03  0.120680E+00  0.869604E-01  0.000000E+00  0.000000E+00  0.000000E+00  0.115515E+00
  0.221890E+03  0.116224E+00  0.833818E-01  0.000000E+00  0.000000E+00  0.000000E+00  0.111193E+00
  0.226372E+03  0.111930E+00  0.799353E-01  0.000000E+00  0.000000E+00  0.000000E+00  0.107029E+00
  0.230945E+03  0.107794E+00  0.766163E-01  0.000000E+00  0.000000E+00  0.000000E+00  0.103018E+00
  0.235611E+03  0.103809E+00  0.734203E-01  0.000000E+00  0.000000E+00  0.000000E+00  0.991539E-01
  0.240370E+03  0.999698E-01  0.703425E-01  0.000000E+00  0.000000E+00  0.000000E+00  0.954314E-01
  0.245226E+03  0.962713E-01  0.673790E-01  0.000000E+00  0.000000E+00  0.000000E+00  0.918455E-01
  0.250180E+03  0.927083E-01  0.645256E-01  0.000000E+00  0.000000E+00  0.000000E+00  0.883912E-01
  0.255234E+03  0.892761E-01  0.617787E-01  0.000000E+00  0.000000E+00  0.000000E+00  0.850640E-01
  0.260390E+03  0.859694E-01  0.591341E-01  0.000000E+00  0.000000E+00  0.000000E+00  0.818587E-01
  0.265650E+03  0.827840E-01  0.565883E-01  0.000000E+00  0.000000E+00  0.000000E+00  0.787712E-01
  0.271017E+03  0.797153E-01  0.541379E-01  0.000000E+00  0.000000E+00  0.000000E+00  0.757972E-01
  0.276492E+03  0.767595E-01  0.517796E-01  0.000000E+00  0.000000E+00  0.000000E+00  0.729329E-01
  0.282077E+03  0.739118E-01  0.495099E-01  0.000000E+00  0.000000E+00  0.000000E+00  0.701738E-01
  0.287776E+03  0.711686E-01  0.473258E-01  0.000000E+00  0.000000E+00  0.000000E+00  0.675162E-01
  0.293589E+03  0.685261E-01  0.452244E-01  0.000000E+00  0.000000E+00  0.000000E+00  0.649566E-01
  0.299520E+03  0.659808E-01  0.432028E-01  0.000000E+00  0.000000E+00  0.000000E+00  0.624916E-01
  0.305570E+03  0.635287E-01  0.412580E-01  0.000000E+00  0.000000E+00  0.000000E+00  0.601172E-01
  0.311744E+03  0.611668E-01  0.393875E-01  0.000000E+00  0.000000E+00  0.000000E+00  0.578305E-01
  0.318041E+03  0.588916E-01  0.375886E-01  0.000000E+00  0.000000E+00  0.000000E+00  0.556283E-01
  0.324466E+03  0.567002E-01  0.358591E-01  0.000000E+00  0.000000E+00  0.000000E+00  0.535077E-01
  0.331021E+03  0.545892E-01  0.341962E-01  0.000000E+00  0.000000E+00  0.000000E+00  0.514653E-01
  0.337708E+03  0.525558E-01  0.325978E-01  0.000000E+00  0.000000E+00  0.000000E+00  0.494986E-01
  0.344530E+03  0.505972E-01  0.310617E-01  0.000000E+00  0.000000E+00  0.000000E+00  0.476047E-01
  0.351490E+03  0.487109E-01  0.295859E-01  0.000000E+00  0.000000E+00  0.000000E+00  0.457812E-01
  0.358590E+03  0.468938E-01  0.281680E-01  0.000000E+00  0.000000E+00  0.000000E+00  0.440253E-01
  0.365834E+03  0.451436E-01  0.268063E-01  0.000000E+00  0.000000E+00  0.000000E+00  0.423346E-01
  0.373225E+03  0.434579E-01  0.254987E-01  0.000000E+00  0.000000E+00  0.000000E+00  0.407068E-01
  0.380765E+03  0.418342E-01  0.242435E-01  0.000000E+00  0.000000E+00  0.000000E+00  0.391396E-01
  0.388456E+03  0.402706E-01  0.230390E-01  0.000000E+00  0.000000E+00  0.000000E+00  0.376310E-01
  0.396304E+03  0.387645E-01  0.218833E-01  0.000000E+00  0.000000E+00  0.000000E+00  0.361786E-01
  0.404310E+03  0.373139E-01  0.207749E-01  0.000000E+00  0.000000E+00  0.000000E+00  0.347804E-01
  0.412477E+03  0.359169E-01  0.197122E-01  0.000000E+00  0.000000E+00  0.000000E+00  0.334346E-01
  0.420809E+03  0.345715E-01  0.186937E-01  0.000000E+00  0.000000E+00  0.000000E+00  0.321393E-01
  0.429311E+03  0.332758E-01  0.177179E-01  0.000000E+00  0.000000E+00  0.000000E+00  0.308925E-01
  0.437983E+03  0.320279E-01  0.167833E-01  0.000000E+00  0.000000E+00  0.000000E+00  0.296926E-01
  0.446832E+03  0.308261E-01  0.158886E-01  0.000000E+00  0.000000E+00  0.000000E+00  0.285379E-01
  0.455857E+03  0.296689E-01  0.150327E-01  0.000000E+00  0.000000E+00  0.000000E+00  0.274268E-01
  0.465067E+03  0.285544E-01  0.142139E-01  0.000000E+00  0.000000E+00  0.000000E+00  0.263576E-01
  0.474462E+03  0.274811E-01  0.134313E-01  0.000000E+00  0.000000E+00  0.000000E+00  0.253289E-01
  0.484047E+03  0.264477E-01  0.126836E-01  0.000000E+00  0.000000E+00  0.000000E+00  0.243392E-01
  0.493824E+03  0.254526E-01  0.119697E-01  0.000000E+00  0.000000E+00  0.000000E+00  0.233872E-01
  0.503801E+03  0.244943E-01  0.112884E-01  0.000000E+00  0.000000E+00  0.000000E+00  0.224714E-01
  0.513978E+03  0.235716E-01  0.106387E-01  0.000000E+00  0.000000E+00  0.000000E+00  0.215905E-01
  0.524362E+03  0.226832E-01  0.100194E-01  0.000000E+00  0.000000E+00  0.000000E+00  0.207433E-01
  0.534954E+03  0.218279E-01  0.942981E-02  0.000000E+00  0.000000E+00  0.000000E+00  0.199287E-01
  0.545761E+03  0.210042E-01  0.886865E-02  0.000000E+00  0.000000E+00  0.000000E+00  0.191453E-01
  0.556786E+03  0.202113E-01  0.833505E-02  0.000000E+00  0.000000E+00  0.000000E+00  0.183920E-01
  0.568034E+03  0.194479E-01  0.782808E-02  0.000000E+00  0.000000E+00  0.000000E+00  0.176679E-01
  0.579508E+03  0.187129E-01  0.734689E-02  0.000000E+00  0.000000E+00  0.000000E+00  0.169718E-01
  0.591215E+03  0.180054E-01  0.689048E-02  0.000000E+00  0.000000E+00  0.000000E+00  0.163028E-01
  0.603159E+03  0.173242E-01  0.645804E-02  0.000000E+00  0.000000E+00  0.000000E+00  0.156597E-01
  0.615344E+03  0.166686E-01  0.604871E-02  0.000000E+00  0.000000E+00  0.000000E+00  0.150418E-01
  0.627775E+03  0.160374E-01  0.566167E-02  0.000000E+00  0.000000E+00  0.000000E+00  0.144480E-01
  0.640456E+03  0.154299E-01  0.529612E-02  0.000000E+00  0.000000E+00  0.000000E+00  0.138776E-01
  0.653394E+03  0.148451E-01  0.495120E-02  0.000000E+00  0.000000E+00  0.000000E+00  0.133295E-01
  0.666594E+03  0.142823E-01  0.462614E-02  0.000000E+00  0.000000E+00  0.000000E+00  0.128031E-01
  0.680060E+03  0.137405E-01  0.432018E-02  0.000000E+00  0.000000E+00  0.000000E+00  0.122975E-01
  0.693798E+03  0.132192E-01  0.403257E-02  0.000000E+00  0.000000E+00  0.000000E+00  0.118120E-01
  0.707814E+03  0.127175E-01  0.376249E-02  0.000000E+00  0.000000E+00  0.000000E+00  0.113457E-01
  0.722113E+03  0.122346E-01  0.350923E-02  0.000000E+00  0.000000E+00  0.000000E+00  0.108980E-01
  0.736701E+03  0.117700E-01  0.327205E-02  0.000000E+00  0.000000E+00  0.000000E+00  0.104682E-01
  0.751582E+03  0.113229E-01  0.305023E-02  0.000000E+00  0.000000E+00  0.000000E+00  0.100557E-01
  0.766765E+03  0.108927E-01  0.284302E-02  0.000000E+00  0.000000E+00  0.000000E+00  0.965961E-02
  0.782255E+03  0.104787E-01  0.264972E-02  0.000000E+00  0.000000E+00  0.000000E+00  0.927946E-02
  0.798058E+03  0.100805E-01  0.246962E-02  0.000000E+00  0.000000E+00  0.000000E+00  0.891460E-02
  0.814179E+03  0.969731E-02  0.230204E-02  0.000000E+00  0.000000E+00  0.000000E+00  0.856447E-02
  0.830627E+03  0.932866E-02  0.214626E-02  0.000000E+00  0.000000E+00  0.000000E+00  0.822843E-02
  0.847407E+03  0.897401E-02  0.200162E-02  0.000000E+00  0.000000E+00  0.000000E+00  0.790595E-02
  0.864526E+03  0.863285E-02  0.186745E-02  0.000000E+00  0.000000E+00  0.000000E+00  0.759649E-02
  0.881989E+03  0.830469E-02  0.174311E-02  0.000000E+00  0.000000E+00  0.000000E+00  0.729956E-02
  0.899807E+03  0.798901E-02  0.162792E-02  0.000000E+00  0.000000E+00  0.000000E+00  0.701459E-02
  0.917985E+03  0.768536E-02  0.152127E-02  0.000000E+00  0.000000E+00  0.000000E+00  0.674112E-02
  0.936530E+03  0.739329E-02  0.142255E-02  0.000000E+00  0.000000E+00  0.000000E+00  0.647867E-02
  0.955448E+03  0.711241E-02  0.133116E-02  0.000000E+00  0.000000E+00  0.000000E+00  0.622681E-02
  0.974749E+03  0.684223E-02  0.124653E-02  0.000000E+00  0.000000E+00  0.000000E+00  0.598505E-02
  0.994441E+03  0.658237E-02  0.116809E-02  0.000000E+00  0.000000E+00  0.000000E+00  0.575299E-02
  0.101453E+04  0.633246E-02  0.109533E-02  0.000000E+00  0.000000E+00  0.000000E+00  0.553022E-02
