  0.101522E-04  0.156371E+07  0.156371E+07  0.208487E+07  0.208487E+07  0.000000E+00  0.156371E+07
  0.163964E-04  0.156371E+07  0.156371E+07  0.208475E+07  0.208474E+07  0.000000E+00  0.156371E+07
  0.264812E-04  0.156370E+07  0.156370E+07  0.208442E+07  0.208442E+07  0.000000E+00  0.156370E+07
  0.427687E-04  0.156369E+07  0.156369E+07  0.208359E+07  0.208356E+07  0.000000E+00  0.156369E+07
  0.690739E-04  0.156366E+07  0.156366E+07  0.208141E+07  0.208134E+07  0.000000E+00  0.156366E+07
  0.111558E-03  0.156358E+07  0.156358E+07  0.207572E+07  0.207556E+07  0.000000E+00  0.156358E+07
  0.180173E-03  0.156338E+07  0.156337E+07  0.206097E+07  0.206054E+07  0.000000E+00  0.156338E+07
  0.290991E-03  0.156285E+07  0.156284E+07  0.202295E+07  0.202183E+07  0.000000E+00  0.156285E+07
  0.469967E-03  0.156147E+07  0.156145E+07  0.192678E+07  0.192404E+07  0.000000E+00  0.156147E+07
  0.759025E-03  0.155795E+07  0.155789E+07  0.169553E+07  0.168939E+07  0.000000E+00  0.155794E+07
  0.122587E-02  0.154915E+07  0.154899E+07  0.120869E+07  0.119826E+07  0.000000E+00  0.154913E+07
  0.197985E-02  0.152849E+07  0.152806E+07  0.494687E+06  0.489427E+06  0.000000E+00  0.152842E+07
  0.319758E-02  0.148552E+07  0.148441E+07  0.119882E+06  0.133541E+06  0.000000E+00  0.148535E+07
  0.516427E-02  0.140912E+07  0.140632E+07  0.455806E+05  0.489836E+05  0.000000E+00  0.140869E+07
  0.834061E-02  0.128764E+07  0.128079E+07  0.222081E+05  0.000000E+00  0.000000E+00  0.128659E+07
  0.125109E-01  0.114092E+07  0.112697E+07  0.604704E+04  0.000000E+00  0.000000E+00  0.113878E+07
  0.166812E-01  0.100900E+07  0.987040E+06  0.344936E+04  0.000000E+00  0.000000E+00  0.100563E+07
  0.208515E-01  0.890714E+06  0.861033E+06  0.246143E+04  0.000000E+00  0.000000E+00  0.886167E+06
  0.250218E-01  0.785602E+06  0.749557E+06  0.989190E+03  0.000000E+00  0.000000E+00  0.780081E+06
  0.291921E-01  0.693947E+06  0.653676E+06  0.112722E+04  0.000000E+00  0.000000E+00  0.687778E+06
  0.333624E-01  0.615809E+06  0.573852E+06  0.471029E+03  0.000000E+00  0.000000E+00  0.609382E+06
  0.375327E-01  0.550765E+06  0.509651E+06  0.484466E+03  0.000000E+00  0.000000E+00  0.544467E+06
  0.417030E-01  0.497767E+06  0.459654E+06  0.365677E+03  0.000000E+00  0.000000E+00  0.491928E+06
  0.458733E-01  0.455069E+06  0.421478E+06  0.000000E+00  0.000000E+00  0.000000E+00  0.449923E+06
  0.500436E-01  0.421142E+06  0.392827E+06  0.000000E+00  0.000000E+00  0.000000E+00  0.416804E+06
  0.542139E-01  0.393306E+06  0.370248E+06  0.000000E+00  0.000000E+00  0.000000E+00  0.389774E+06
  0.583842E-01  0.369754E+06  0.351284E+06  0.000000E+00  0.000000E+00  0.000000E+00  0.366925E+06
  0.625545E-01  0.348688E+06  0.333699E+06  0.000000E+00  0.000000E+00  0.000000E+00  0.346392E+06
  0.667249E-01  0.328880E+06  0.316064E+06  0.000000E+00  0.000000E+00  0.000000E+00  0.326917E+06
  0.708952E-01  0.309579E+06  0.297671E+06  0.000000E+00  0.000000E+00  0.000000E+00  0.307755E+06
  0.750655E-01  0.290548E+06  0.278519E+06  0.000000E+00  0.000000E+00  0.000000E+00  0.288705E+06
  0.792358E-01  0.271964E+06  0.259148E+06  0.000000E+00  0.000000E+00  0.000000E+00  0.270001E+06
  0.834061E-01  0.254211E+06  0.240351E+06  0.000000E+00  0.000000E+00  0.000000E+00  0.252088E+06
  0.875764E-01  0.237700E+06  0.222915E+06  0.000000E+00  0.000000E+00  0.000000E+00  0.235435E+06
  0.938217E-01  0.216049E+06  0.200696E+06  0.000000E+00  0.000000E+00  0.000000E+00  0.213697E+06
  0.100067E+00  0.198667E+06  0.184055E+06  0.000000E+00  0.000000E+00  0.000000E+00  0.196429E+06
  0.106312E+00  0.185320E+06  0.172558E+06  0.000000E+00  0.000000E+00  0.000000E+00  0.183365E+06
  0.112558E+00  0.174919E+06  0.164500E+06  0.000000E+00  0.000000E+00  0.000000E+00  0.173323E+06
  0.118803E+00  0.166113E+06  0.157820E+06  0.000000E+00  0.000000E+00  0.000000E+00  0.164843E+06
  0.125048E+00  0.157673E+06  0.150773E+06  0.000000E+00  0.000000E+00  0.000000E+00  0.156616E+06
  0.131294E+00  0.148807E+06  0.142400E+06  0.000000E+00  0.000000E+00  0.000000E+00  0.147826E+06
  0.137539E+00  0.139508E+06  0.132874E+06  0.000000E+00  0.000000E+00  0.000000E+00  0.138492E+06
  0.143784E+00  0.130328E+06  0.123142E+06  0.000000E+00  0.000000E+00  0.000000E+00  0.129228E+06
  0.150030E+00  0.121843E+06  0.114201E+06  0.000000E+00  0.000000E+00  0.000000E+00  0.120672E+06
  0.156275E+00  0.114477E+06  0.106767E+06  0.000000E+00  0.000000E+00  0.000000E+00  0.113296E+06
  0.162520E+00  0.108468E+06  0.101159E+06  0.000000E+00  0.000000E+00  0.000000E+00  0.107348E+06
  0.168766E+00  0.103683E+06  0.971310E+05  0.000000E+00  0.000000E+00  0.000000E+00  0.102679E+06
  0.175011E+00  0.996711E+05  0.939974E+05  0.000000E+00  0.000000E+00  0.000000E+00  0.988020E+05
  0.181256E+00  0.959572E+05  0.910443E+05  0.000000E+00  0.000000E+00  0.000000E+00  0.952046E+05
  0.187502E+00  0.922135E+05  0.877846E+05  0.000000E+00  0.000000E+00  0.000000E+00  0.915350E+05
  0.193747E+00  0.882776E+05  0.840202E+05  0.000000E+00  0.000000E+00  0.000000E+00  0.876255E+05
  0.199992E+00  0.841830E+05  0.798613E+05  0.000000E+00  0.000000E+00  0.000000E+00  0.835210E+05
  0.206238E+00  0.801245E+05  0.756443E+05  0.000000E+00  0.000000E+00  0.000000E+00  0.794382E+05
  0.212483E+00  0.763319E+05  0.717416E+05  0.000000E+00  0.000000E+00  0.000000E+00  0.756287E+05
  0.218728E+00  0.729703E+05  0.684118E+05  0.000000E+00  0.000000E+00  0.000000E+00  0.722720E+05
  0.224974E+00  0.701012E+05  0.657379E+05  0.000000E+00  0.000000E+00  0.000000E+00  0.694329E+05
  0.231219E+00  0.676657E+05  0.636164E+05  0.000000E+00  0.000000E+00  0.000000E+00  0.670454E+05
  0.237464E+00  0.655110E+05  0.618133E+05  0.000000E+00  0.000000E+00  0.000000E+00  0.649446E+05
  0.243710E+00  0.634687E+05  0.600781E+05  0.000000E+00  0.000000E+00  0.000000E+00  0.629493E+05
  0.249955E+00  0.614217E+05  0.582406E+05  0.000000E+00  0.000000E+00  0.000000E+00  0.609344E+05
  0.256200E+00  0.593239E+05  0.562433E+05  0.000000E+00  0.000000E+00  0.000000E+00  0.588520E+05
  0.262446E+00  0.571915E+05  0.541291E+05  0.000000E+00  0.000000E+00  0.000000E+00  0.567224E+05
  0.268691E+00  0.550879E+05  0.520094E+05  0.000000E+00  0.000000E+00  0.000000E+00  0.546164E+05
  0.274936E+00  0.530964E+05  0.500162E+05  0.000000E+00  0.000000E+00  0.000000E+00  0.526246E+05
  0.281182E+00  0.512797E+05  0.482445E+05  0.000000E+00  0.000000E+00  0.000000E+00  0.508148E+05
  0.287427E+00  0.496529E+05  0.467175E+05  0.000000E+00  0.000000E+00  0.000000E+00  0.492032E+05
  0.293672E+00  0.481905E+05  0.453955E+05  0.000000E+00  0.000000E+00  0.000000E+00  0.477623E+05
  0.299918E+00  0.468477E+05  0.442066E+05  0.000000E+00  0.000000E+00  0.000000E+00  0.464431E+05
  0.306163E+00  0.455726E+05  0.430709E+05  0.000000E+00  0.000000E+00  0.000000E+00  0.451894E+05
  0.312408E+00  0.443177E+05  0.419223E+05  0.000000E+00  0.000000E+00  0.000000E+00  0.439508E+05
  0.318654E+00  0.430600E+05  0.407329E+05  0.000000E+00  0.000000E+00  0.000000E+00  0.427036E+05
  0.324899E+00  0.418063E+05  0.395172E+05  0.000000E+00  0.000000E+00  0.000000E+00  0.414556E+05
  0.331144E+00  0.405786E+05  0.383134E+05  0.000000E+00  0.000000E+00  0.000000E+00  0.402316E+05
  0.337390E+00  0.394019E+05  0.371627E+05  0.000000E+00  0.000000E+00  0.000000E+00  0.390589E+05
  0.343635E+00  0.382973E+05  0.360980E+05  0.000000E+00  0.000000E+00  0.000000E+00  0.379604E+05
  0.349880E+00  0.372733E+05  0.351314E+05  0.000000E+00  0.000000E+00  0.000000E+00  0.369452E+05
  0.356126E+00  0.363223E+05  0.342515E+05  0.000000E+00  0.000000E+00  0.000000E+00  0.360051E+05
  0.362371E+00  0.354281E+05  0.334334E+05  0.000000E+00  0.000000E+00  0.000000E+00  0.351226E+05
  0.368617E+00  0.345729E+05  0.326500E+05  0.000000E+00  0.000000E+00  0.000000E+00  0.342783E+05
  0.374862E+00  0.337403E+05  0.318781E+05  0.000000E+00  0.000000E+00  0.000000E+00  0.334550E+05
  0.381107E+00  0.329206E+05  0.311058E+05  0.000000E+00  0.000000E+00  0.000000E+00  0.326426E+05
  0.387353E+00  0.321142E+05  0.303355E+05  0.000000E+00  0.000000E+00  0.000000E+00  0.318417E+05
  0.393598E+00  0.313276E+05  0.295784E+05  0.000000E+00  0.000000E+00  0.000000E+00  0.310596E+05
  0.399843E+00  0.305679E+05  0.288475E+05  0.000000E+00  0.000000E+00  0.000000E+00  0.303043E+05
  0.406089E+00  0.298413E+05  0.281529E+05  0.000000E+00  0.000000E+00  0.000000E+00  0.295827E+05
  0.407457E+00  0.296870E+05  0.280064E+05  0.000000E+00  0.000000E+00  0.000000E+00  0.294296E+05
  0.415689E+00  0.287964E+05  0.271670E+05  0.000000E+00  0.000000E+00  0.000000E+00  0.285468E+05
  0.424086E+00  0.279474E+05  0.263755E+05  0.000000E+00  0.000000E+00  0.000000E+00  0.277066E+05
  0.432653E+00  0.271258E+05  0.256109E+05  0.000000E+00  0.000000E+00  0.000000E+00  0.268937E+05
  0.441393E+00  0.263204E+05  0.248559E+05  0.000000E+00  0.000000E+00  0.000000E+00  0.260960E+05
  0.450310E+00  0.255258E+05  0.241034E+05  0.000000E+00  0.000000E+00  0.000000E+00  0.253079E+05
  0.459407E+00  0.247446E+05  0.233594E+05  0.000000E+00  0.000000E+00  0.000000E+00  0.245324E+05
  0.468688E+00  0.239863E+05  0.226382E+05  0.000000E+00  0.000000E+00  0.000000E+00  0.237798E+05
  0.478156E+00  0.232557E+05  0.219478E+05  0.000000E+00  0.000000E+00  0.000000E+00  0.230553E+05
  0.487815E+00  0.225532E+05  0.212879E+05  0.000000E+00  0.000000E+00  0.000000E+00  0.223594E+05
  0.497670E+00  0.218729E+05  0.206497E+05  0.000000E+00  0.000000E+00  0.000000E+00  0.216855E+05
  0.507723E+00  0.212088E+05  0.200243E+05  0.000000E+00  0.000000E+00  0.000000E+00  0.210274E+05
  0.517980E+00  0.205592E+05  0.194096E+05  0.000000E+00  0.000000E+00  0.000000E+00  0.203831E+05
  0.528444E+00  0.199257E+05  0.188092E+05  0.000000E+00  0.000000E+00  0.000000E+00  0.197546E+05
  0.539119E+00  0.193124E+05  0.182293E+05  0.000000E+00  0.000000E+00  0.000000E+00  0.191465E+05
  0.550010E+00  0.187194E+05  0.176703E+05  0.000000E+00  0.000000E+00  0.000000E+00  0.185587E+05
  0.561121E+00  0.181454E+05  0.171299E+05  0.000000E+00  0.000000E+00  0.000000E+00  0.179899E+05
  0.572456E+00  0.175867E+05  0.166031E+05  0.000000E+00  0.000000E+00  0.000000E+00  0.174360E+05
  0.584021E+00  0.170429E+05  0.160892E+05  0.000000E+00  0.000000E+00  0.000000E+00  0.168968E+05
  0.595818E+00  0.165139E+05  0.155891E+05  0.000000E+00  0.000000E+00  0.000000E+00  0.163722E+05
  0.607855E+00  0.160015E+05  0.151053E+05  0.000000E+00  0.000000E+00  0.000000E+00  0.158643E+05
  0.620134E+00  0.155050E+05  0.146370E+05  0.000000E+00  0.000000E+00  0.000000E+00  0.153720E+05
  0.632662E+00  0.150233E+05  0.141827E+05  0.000000E+00  0.000000E+00  0.000000E+00  0.148945E+05
  0.645442E+00  0.145551E+05  0.137407E+05  0.000000E+00  0.000000E+00  0.000000E+00  0.144304E+05
  0.658481E+00  0.141005E+05  0.133112E+05  0.000000E+00  0.000000E+00  0.000000E+00  0.139796E+05
  0.671783E+00  0.136595E+05  0.128949E+05  0.000000E+00  0.000000E+00  0.000000E+00  0.135424E+05
  0.685355E+00  0.132319E+05  0.124913E+05  0.000000E+00  0.000000E+00  0.000000E+00  0.131184E+05
  0.699199E+00  0.128172E+05  0.121000E+05  0.000000E+00  0.000000E+00  0.000000E+00  0.127074E+05
  0.713324E+00  0.124145E+05  0.117199E+05  0.000000E+00  0.000000E+00  0.000000E+00  0.123081E+05
  0.727734E+00  0.120239E+05  0.113511E+05  0.000000E+00  0.000000E+00  0.000000E+00  0.119209E+05
  0.742436E+00  0.116452E+05  0.109936E+05  0.000000E+00  0.000000E+00  0.000000E+00  0.115454E+05
  0.757434E+00  0.112777E+05  0.106467E+05  0.000000E+00  0.000000E+00  0.000000E+00  0.111810E+05
  0.772735E+00  0.109213E+05  0.103102E+05  0.000000E+00  0.000000E+00  0.000000E+00  0.108277E+05
  0.788345E+00  0.105756E+05  0.998390E+04  0.000000E+00  0.000000E+00  0.000000E+00  0.104850E+05
  0.804271E+00  0.102403E+05  0.966737E+04  0.000000E+00  0.000000E+00  0.000000E+00  0.101525E+05
  0.820519E+00  0.991519E+04  0.936048E+04  0.000000E+00  0.000000E+00  0.000000E+00  0.983022E+04
  0.837094E+00  0.960003E+04  0.906296E+04  0.000000E+00  0.000000E+00  0.000000E+00  0.951776E+04
  0.854005E+00  0.929438E+04  0.877442E+04  0.000000E+00  0.000000E+00  0.000000E+00  0.921473E+04
  0.871256E+00  0.899804E+04  0.849467E+04  0.000000E+00  0.000000E+00  0.000000E+00  0.892093E+04
  0.888857E+00  0.871078E+04  0.822350E+04  0.000000E+00  0.000000E+00  0.000000E+00  0.863614E+04
  0.906813E+00  0.843238E+04  0.796069E+04  0.000000E+00  0.000000E+00  0.000000E+00  0.836012E+04
  0.925132E+00  0.816249E+04  0.770591E+04  0.000000E+00  0.000000E+00  0.000000E+00  0.809255E+04
  0.943821E+00  0.790088E+04  0.745894E+04  0.000000E+00  0.000000E+00  0.000000E+00  0.783318E+04
  0.962887E+00  0.764729E+04  0.721955E+04  0.000000E+00  0.000000E+00  0.000000E+00  0.758177E+04
  0.982339E+00  0.740153E+04  0.698755E+04  0.000000E+00  0.000000E+00  0.000000E+00  0.733812E+04
  0.100218E+01  0.716335E+04  0.676270E+04  0.000000E+00  0.000000E+00  0.000000E+00  0.710198E+04
  0.102243E+01  0.693254E+04  0.654481E+04  0.000000E+00  0.000000E+00  0.000000E+00  0.687315E+04
  0.104308E+01  0.670887E+04  0.633365E+04  0.000000E+00  0.000000E+00  0.000000E+00  0.665139E+04
  0.106415E+01  0.649213E+04  0.612904E+04  0.000000E+00  0.000000E+00  0.000000E+00  0.643651E+04
  0.108565E+01  0.628213E+04  0.593079E+04  0.000000E+00  0.000000E+00  0.000000E+00  0.622831E+04
  0.110758E+01  0.607868E+04  0.573873E+04  0.000000E+00  0.000000E+00  0.000000E+00  0.602661E+04
  0.112996E+01  0.588158E+04  0.555266E+04  0.000000E+00  0.000000E+00  0.000000E+00  0.583120E+04
  0.115278E+01  0.569067E+04  0.537243E+04  0.000000E+00  0.000000E+00  0.000000E+00  0.564192E+04
  0.117607E+01  0.550573E+04  0.519783E+04  0.000000E+00  0.000000E+00  0.000000E+00  0.545856E+04
  0.119983E+01  0.532659E+04  0.502872E+04  0.000000E+00  0.000000E+00  0.000000E+00  0.528096E+04
  0.122407E+01  0.515307E+04  0.486491E+04  0.000000E+00  0.000000E+00  0.000000E+00  0.510893E+04
  0.124880E+01  0.498501E+04  0.470625E+04  0.000000E+00  0.000000E+00  0.000000E+00  0.494231E+04
  0.127402E+01  0.482222E+04  0.455257E+04  0.000000E+00  0.000000E+00  0.000000E+00  0.478092E+04
  0.129976E+01  0.466458E+04  0.440375E+04  0.000000E+00  0.000000E+00  0.000000E+00  0.462463E+04
  0.132602E+01  0.451192E+04  0.425963E+04  0.000000E+00  0.000000E+00  0.000000E+00  0.447327E+04
  0.135281E+01  0.436409E+04  0.412008E+04  0.000000E+00  0.000000E+00  0.000000E+00  0.432671E+04
  0.138013E+01  0.422096E+04  0.398495E+04  0.000000E+00  0.000000E+00  0.000000E+00  0.418481E+04
  0.140802E+01  0.408235E+04  0.385410E+04  0.000000E+00  0.000000E+00  0.000000E+00  0.404739E+04
  0.143646E+01  0.394817E+04  0.372741E+04  0.000000E+00  0.000000E+00  0.000000E+00  0.391435E+04
  0.146548E+01  0.381826E+04  0.360477E+04  0.000000E+00  0.000000E+00  0.000000E+00  0.378556E+04
  0.149508E+01  0.369249E+04  0.348604E+04  0.000000E+00  0.000000E+00  0.000000E+00  0.366087E+04
  0.152529E+01  0.357072E+04  0.337108E+04  0.000000E+00  0.000000E+00  0.000000E+00  0.354014E+04
  0.155610E+01  0.345287E+04  0.325982E+04  0.000000E+00  0.000000E+00  0.000000E+00  0.342330E+04
  0.158753E+01  0.333878E+04  0.315212E+04  0.000000E+00  0.000000E+00  0.000000E+00  0.331019E+04
  0.161960E+01  0.322836E+04  0.304786E+04  0.000000E+00  0.000000E+00  0.000000E+00  0.320071E+04
  0.165232E+01  0.312148E+04  0.294696E+04  0.000000E+00  0.000000E+00  0.000000E+00  0.309474E+04
  0.168570E+01  0.301802E+04  0.284929E+04  0.000000E+00  0.000000E+00  0.000000E+00  0.299217E+04
  0.171975E+01  0.291790E+04  0.275477E+04  0.000000E+00  0.000000E+00  0.000000E+00  0.289291E+04
  0.175449E+01  0.282099E+04  0.266328E+04  0.000000E+00  0.000000E+00  0.000000E+00  0.279684E+04
  0.178994E+01  0.272723E+04  0.257476E+04  0.000000E+00  0.000000E+00  0.000000E+00  0.270387E+04
  0.182610E+01  0.263649E+04  0.248910E+04  0.000000E+00  0.000000E+00  0.000000E+00  0.261391E+04
  0.186299E+01  0.254869E+04  0.240621E+04  0.000000E+00  0.000000E+00  0.000000E+00  0.252687E+04
  0.190062E+01  0.246375E+04  0.232602E+04  0.000000E+00  0.000000E+00  0.000000E+00  0.244265E+04
  0.193902E+01  0.238155E+04  0.224841E+04  0.000000E+00  0.000000E+00  0.000000E+00  0.236115E+04
  0.197819E+01  0.230202E+04  0.217333E+04  0.000000E+00  0.000000E+00  0.000000E+00  0.228230E+04
  0.201815E+01  0.222507E+04  0.210069E+04  0.000000E+00  0.000000E+00  0.000000E+00  0.220602E+04
  0.205892E+01  0.215063E+04  0.203041E+04  0.000000E+00  0.000000E+00  0.000000E+00  0.213222E+04
  0.210051E+01  0.207861E+04  0.196242E+04  0.000000E+00  0.000000E+00  0.000000E+00  0.206081E+04
  0.214294E+01  0.200895E+04  0.189665E+04  0.000000E+00  0.000000E+00  0.000000E+00  0.199175E+04
  0.218623E+01  0.194156E+04  0.183302E+04  0.000000E+00  0.000000E+00  0.000000E+00  0.192493E+04
  0.223040E+01  0.187638E+04  0.177149E+04  0.000000E+00  0.000000E+00  0.000000E+00  0.186031E+04
  0.227546E+01  0.181333E+04  0.171197E+04  0.000000E+00  0.000000E+00  0.000000E+00  0.179780E+04
  0.232143E+01  0.175235E+04  0.165439E+04  0.000000E+00  0.000000E+00  0.000000E+00  0.173734E+04
  0.236832E+01  0.169337E+04  0.159871E+04  0.000000E+00  0.000000E+00  0.000000E+00  0.167887E+04
  0.241616E+01  0.163632E+04  0.154485E+04  0.000000E+00  0.000000E+00  0.000000E+00  0.162231E+04
  0.246497E+01  0.158116E+04  0.149277E+04  0.000000E+00  0.000000E+00  0.000000E+00  0.156762E+04
  0.251477E+01  0.152780E+04  0.144240E+04  0.000000E+00  0.000000E+00  0.000000E+00  0.151472E+04
  0.256557E+01  0.147621E+04  0.139369E+04  0.000000E+00  0.000000E+00  0.000000E+00  0.146357E+04
  0.261740E+01  0.142632E+04  0.134659E+04  0.000000E+00  0.000000E+00  0.000000E+00  0.141411E+04
  0.267027E+01  0.137808E+04  0.130105E+04  0.000000E+00  0.000000E+00  0.000000E+00  0.136628E+04
  0.272422E+01  0.133143E+04  0.125701E+04  0.000000E+00  0.000000E+00  0.000000E+00  0.132003E+04
  0.277925E+01  0.128633E+04  0.121443E+04  0.000000E+00  0.000000E+00  0.000000E+00  0.127531E+04
  0.283539E+01  0.124272E+04  0.117325E+04  0.000000E+00  0.000000E+00  0.000000E+00  0.123208E+04
  0.289267E+01  0.120055E+04  0.113344E+04  0.000000E+00  0.000000E+00  0.000000E+00  0.119027E+04
  0.295111E+01  0.115979E+04  0.109496E+04  0.000000E+00  0.000000E+00  0.000000E+00  0.114986E+04
  0.301072E+01  0.112038E+04  0.105775E+04  0.000000E+00  0.000000E+00  0.000000E+00  0.111079E+04
  0.307155E+01  0.108228E+04  0.102178E+04  0.000000E+00  0.000000E+00  0.000000E+00  0.107301E+04
  0.313359E+01  0.104545E+04  0.987012E+03  0.000000E+00  0.000000E+00  0.000000E+00  0.103650E+04
  0.319690E+01  0.100985E+04  0.953399E+03  0.000000E+00  0.000000E+00  0.000000E+00  0.100120E+04
  0.326148E+01  0.975434E+03  0.920908E+03  0.000000E+00  0.000000E+00  0.000000E+00  0.967081E+03
  0.332737E+01  0.942165E+03  0.889498E+03  0.000000E+00  0.000000E+00  0.000000E+00  0.934098E+03
  0.339458E+01  0.910010E+03  0.859140E+03  0.000000E+00  0.000000E+00  0.000000E+00  0.902217E+03
  0.346316E+01  0.878929E+03  0.829796E+03  0.000000E+00  0.000000E+00  0.000000E+00  0.871403E+03
  0.353312E+01  0.848891E+03  0.801437E+03  0.000000E+00  0.000000E+00  0.000000E+00  0.841622E+03
  0.360449E+01  0.819859E+03  0.774027E+03  0.000000E+00  0.000000E+00  0.000000E+00  0.812838E+03
  0.367731E+01  0.791801E+03  0.747538E+03  0.000000E+00  0.000000E+00  0.000000E+00  0.785021E+03
  0.375159E+01  0.764683E+03  0.721935E+03  0.000000E+00  0.000000E+00  0.000000E+00  0.758135E+03
  0.382738E+01  0.738476E+03  0.697193E+03  0.000000E+00  0.000000E+00  0.000000E+00  0.732152E+03
  0.390470E+01  0.713151E+03  0.673283E+03  0.000000E+00  0.000000E+00  0.000000E+00  0.707044E+03
  0.398358E+01  0.688677E+03  0.650177E+03  0.000000E+00  0.000000E+00  0.000000E+00  0.682779E+03
  0.406405E+01  0.665029E+03  0.627850E+03  0.000000E+00  0.000000E+00  0.000000E+00  0.659334E+03
  0.414615E+01  0.642179E+03  0.606277E+03  0.000000E+00  0.000000E+00  0.000000E+00  0.636679E+03
  0.422991E+01  0.620099E+03  0.585431E+03  0.000000E+00  0.000000E+00  0.000000E+00  0.614788E+03
  0.431536E+01  0.598763E+03  0.565288E+03  0.000000E+00  0.000000E+00  0.000000E+00  0.593635E+03
  0.440254E+01  0.578150E+03  0.545826E+03  0.000000E+00  0.000000E+00  0.000000E+00  0.573198E+03
  0.449148E+01  0.558232E+03  0.527021E+03  0.000000E+00  0.000000E+00  0.000000E+00  0.553451E+03
  0.458221E+01  0.538990E+03  0.508854E+03  0.000000E+00  0.000000E+00  0.000000E+00  0.534373E+03
  0.467478E+01  0.520399E+03  0.491302E+03  0.000000E+00  0.000000E+00  0.000000E+00  0.515942E+03
  0.476921E+01  0.502439E+03  0.474345E+03  0.000000E+00  0.000000E+00  0.000000E+00  0.498135E+03
  0.486556E+01  0.485087E+03  0.457963E+03  0.000000E+00  0.000000E+00  0.000000E+00  0.480932E+03
  0.496384E+01  0.468325E+03  0.442138E+03  0.000000E+00  0.000000E+00  0.000000E+00  0.464314E+03
  0.506412E+01  0.452132E+03  0.426849E+03  0.000000E+00  0.000000E+00  0.000000E+00  0.448259E+03
  0.516642E+01  0.436490E+03  0.412081E+03  0.000000E+00  0.000000E+00  0.000000E+00  0.432751E+03
  0.527079E+01  0.421380E+03  0.397815E+03  0.000000E+00  0.000000E+00  0.000000E+00  0.417770E+03
  0.537727E+01  0.406785E+03  0.384036E+03  0.000000E+00  0.000000E+00  0.000000E+00  0.403301E+03
  0.548590E+01  0.392687E+03  0.370726E+03  0.000000E+00  0.000000E+00  0.000000E+00  0.389323E+03
  0.559672E+01  0.379070E+03  0.357870E+03  0.000000E+00  0.000000E+00  0.000000E+00  0.375823E+03
  0.570978E+01  0.365917E+03  0.345451E+03  0.000000E+00  0.000000E+00  0.000000E+00  0.362782E+03
  0.582512E+01  0.353214E+03  0.333458E+03  0.000000E+00  0.000000E+00  0.000000E+00  0.350188E+03
  0.594280E+01  0.340945E+03  0.321874E+03  0.000000E+00  0.000000E+00  0.000000E+00  0.338024E+03
  0.606285E+01  0.329096E+03  0.310687E+03  0.000000E+00  0.000000E+00  0.000000E+00  0.326276E+03
  0.618533E+01  0.317652E+03  0.299882E+03  0.000000E+00  0.000000E+00  0.000000E+00  0.314930E+03
  0.631029E+01  0.306599E+03  0.289447E+03  0.000000E+00  0.000000E+00  0.000000E+00  0.303972E+03
  0.643776E+01  0.295926E+03  0.279370E+03  0.000000E+00  0.000000E+00  0.000000E+00  0.293390E+03
  0.656782E+01  0.285618E+03  0.269639E+03  0.000000E+00  0.000000E+00  0.000000E+00  0.283171E+03
  0.670049E+01  0.275665E+03  0.260242E+03  0.000000E+00  0.000000E+00  0.000000E+00  0.273303E+03
  0.683585E+01  0.266053E+03  0.251166E+03  0.000000E+00  0.000000E+00  0.000000E+00  0.263773E+03
  0.697394E+01  0.256772E+03  0.242403E+03  0.000000E+00  0.000000E+00  0.000000E+00  0.254571E+03
  0.711483E+01  0.247809E+03  0.233941E+03  0.000000E+00  0.000000E+00  0.000000E+00  0.245685E+03
  0.725855E+01  0.239156E+03  0.225771E+03  0.000000E+00  0.000000E+00  0.000000E+00  0.237105E+03
  0.740519E+01  0.230799E+03  0.217882E+03  0.000000E+00  0.000000E+00  0.000000E+00  0.228821E+03
  0.755478E+01  0.222731E+03  0.210264E+03  0.000000E+00  0.000000E+00  0.000000E+00  0.220822E+03
  0.770740E+01  0.214941E+03  0.202909E+03  0.000000E+00  0.000000E+00  0.000000E+00  0.213098E+03
  0.786310E+01  0.207420E+03  0.195808E+03  0.000000E+00  0.000000E+00  0.000000E+00  0.205641E+03
  0.802195E+01  0.200158E+03  0.188952E+03  0.000000E+00  0.000000E+00  0.000000E+00  0.198441E+03
  0.818400E+01  0.193147E+03  0.182332E+03  0.000000E+00  0.000000E+00  0.000000E+00  0.191490E+03
  0.834933E+01  0.186378E+03  0.175942E+03  0.000000E+00  0.000000E+00  0.000000E+00  0.184779E+03
  0.851799E+01  0.179843E+03  0.169772E+03  0.000000E+00  0.000000E+00  0.000000E+00  0.178301E+03
  0.869007E+01  0.173535E+03  0.163815E+03  0.000000E+00  0.000000E+00  0.000000E+00  0.172046E+03
  0.886562E+01  0.167445E+03  0.158066E+03  0.000000E+00  0.000000E+00  0.000000E+00  0.166008E+03
  0.904472E+01  0.161565E+03  0.152515E+03  0.000000E+00  0.000000E+00  0.000000E+00  0.160179E+03
  0.922743E+01  0.155890E+03  0.147156E+03  0.000000E+00  0.000000E+00  0.000000E+00  0.154552E+03
  0.941384E+01  0.150411E+03  0.141983E+03  0.000000E+00  0.000000E+00  0.000000E+00  0.149120E+03
  0.960401E+01  0.145123E+03  0.136990E+03  0.000000E+00  0.000000E+00  0.000000E+00  0.143877E+03
  0.979803E+01  0.140018E+03  0.132170E+03  0.000000E+00  0.000000E+00  0.000000E+00  0.138815E+03
  0.999595E+01  0.135090E+03  0.127518E+03  0.000000E+00  0.000000E+00  0.000000E+00  0.133930E+03
  0.101979E+02  0.130333E+03  0.123027E+03  0.000000E+00  0.000000E+00  0.000000E+00  0.129214E+03
  0.104039E+02  0.125742E+03  0.118692E+03  0.000000E+00  0.000000E+00  0.000000E+00  0.124662E+03
  0.106141E+02  0.121311E+03  0.114508E+03  0.000000E+00  0.000000E+00  0.000000E+00  0.120269E+03
  0.108285E+02  0.117034E+03  0.110470E+03  0.000000E+00  0.000000E+00  0.000000E+00  0.116029E+03
  0.110472E+02  0.112906E+03  0.106573E+03  0.000000E+00  0.000000E+00  0.000000E+00  0.111936E+03
  0.112704E+02  0.108922E+03  0.102811E+03  0.000000E+00  0.000000E+00  0.000000E+00  0.107986E+03
  0.114981E+02  0.105077E+03  0.991806E+02  0.000000E+00  0.000000E+00  0.000000E+00  0.104174E+03
  0.117304E+02  0.101366E+03  0.956767E+02  0.000000E+00  0.000000E+00  0.000000E+00  0.100494E+03
  0.119673E+02  0.977844E+02  0.922952E+02  0.000000E+00  0.000000E+00  0.000000E+00  0.969435E+02
  0.122091E+02  0.943279E+02  0.890317E+02  0.000000E+00  0.000000E+00  0.000000E+00  0.935166E+02
  0.124557E+02  0.909924E+02  0.858823E+02  0.000000E+00  0.000000E+00  0.000000E+00  0.902096E+02
  0.127074E+02  0.877732E+02  0.828429E+02  0.000000E+00  0.000000E+00  0.000000E+00  0.870180E+02
  0.129641E+02  0.846668E+02  0.799099E+02  0.000000E+00  0.000000E+00  0.000000E+00  0.839381E+02
  0.132260E+02  0.816690E+02  0.770795E+02  0.000000E+00  0.000000E+00  0.000000E+00  0.809660E+02
  0.134931E+02  0.787764E+02  0.743483E+02  0.000000E+00  0.000000E+00  0.000000E+00  0.780980E+02
  0.137657E+02  0.759848E+02  0.717125E+02  0.000000E+00  0.000000E+00  0.000000E+00  0.753304E+02
  0.140438E+02  0.732913E+02  0.691693E+02  0.000000E+00  0.000000E+00  0.000000E+00  0.726598E+02
  0.143275E+02  0.706920E+02  0.667152E+02  0.000000E+00  0.000000E+00  0.000000E+00  0.700829E+02
  0.146169E+02  0.681841E+02  0.643473E+02  0.000000E+00  0.000000E+00  0.000000E+00  0.675964E+02
  0.149122E+02  0.657641E+02  0.620623E+02  0.000000E+00  0.000000E+00  0.000000E+00  0.651970E+02
  0.152135E+02  0.634292E+02  0.598577E+02  0.000000E+00  0.000000E+00  0.000000E+00  0.628821E+02
  0.155208E+02  0.611762E+02  0.577304E+02  0.000000E+00  0.000000E+00  0.000000E+00  0.606483E+02
  0.158343E+02  0.590024E+02  0.556780E+02  0.000000E+00  0.000000E+00  0.000000E+00  0.584932E+02
  0.161542E+02  0.569050E+02  0.536976E+02  0.000000E+00  0.000000E+00  0.000000E+00  0.564137E+02
  0.164805E+02  0.548815E+02  0.517870E+02  0.000000E+00  0.000000E+00  0.000000E+00  0.544075E+02
  0.168135E+02  0.529291E+02  0.499436E+02  0.000000E+00  0.000000E+00  0.000000E+00  0.524718E+02
  0.171531E+02  0.510455E+02  0.481650E+02  0.000000E+00  0.000000E+00  0.000000E+00  0.506043E+02
  0.174996E+02  0.492283E+02  0.464492E+02  0.000000E+00  0.000000E+00  0.000000E+00  0.488026E+02
  0.178532E+02  0.474751E+02  0.447938E+02  0.000000E+00  0.000000E+00  0.000000E+00  0.470644E+02
  0.182138E+02  0.457837E+02  0.431968E+02  0.000000E+00  0.000000E+00  0.000000E+00  0.453874E+02
  0.185818E+02  0.441520E+02  0.416561E+02  0.000000E+00  0.000000E+00  0.000000E+00  0.437696E+02
  0.189571E+02  0.425779E+02  0.401698E+02  0.000000E+00  0.000000E+00  0.000000E+00  0.422090E+02
  0.193401E+02  0.410593E+02  0.387359E+02  0.000000E+00  0.000000E+00  0.000000E+00  0.407034E+02
  0.197308E+02  0.395944E+02  0.373527E+02  0.000000E+00  0.000000E+00  0.000000E+00  0.392510E+02
  0.201294E+02  0.381812E+02  0.360183E+02  0.000000E+00  0.000000E+00  0.000000E+00  0.378499E+02
  0.205360E+02  0.368180E+02  0.347312E+02  0.000000E+00  0.000000E+00  0.000000E+00  0.364983E+02
  0.209509E+02  0.355029E+02  0.334895E+02  0.000000E+00  0.000000E+00  0.000000E+00  0.351945E+02
  0.213741E+02  0.342345E+02  0.322918E+02  0.000000E+00  0.000000E+00  0.000000E+00  0.339369E+02
  0.218059E+02  0.330109E+02  0.311364E+02  0.000000E+00  0.000000E+00  0.000000E+00  0.327237E+02
  0.222464E+02  0.318306E+02  0.300219E+02  0.000000E+00  0.000000E+00  0.000000E+00  0.315536E+02
  0.226958E+02  0.306921E+02  0.289469E+02  0.000000E+00  0.000000E+00  0.000000E+00  0.304248E+02
  0.231543E+02  0.295940E+02  0.279100E+02  0.000000E+00  0.000000E+00  0.000000E+00  0.293361E+02
  0.236221E+02  0.285348E+02  0.269099E+02  0.000000E+00  0.000000E+00  0.000000E+00  0.282859E+02
  0.240992E+02  0.275132E+02  0.259452E+02  0.000000E+00  0.000000E+00  0.000000E+00  0.272730E+02
  0.245861E+02  0.265278E+02  0.250147E+02  0.000000E+00  0.000000E+00  0.000000E+00  0.262960E+02
  0.250828E+02  0.255774E+02  0.241173E+02  0.000000E+00  0.000000E+00  0.000000E+00  0.253538E+02
  0.255895E+02  0.246608E+02  0.232517E+02  0.000000E+00  0.000000E+00  0.000000E+00  0.244449E+02
  0.261064E+02  0.237767E+02  0.224169E+02  0.000000E+00  0.000000E+00  0.000000E+00  0.235684E+02
  0.266338E+02  0.229240E+02  0.216117E+02  0.000000E+00  0.000000E+00  0.000000E+00  0.227230E+02
  0.271718E+02  0.221016E+02  0.208352E+02  0.000000E+00  0.000000E+00  0.000000E+00  0.219076E+02
  0.277207E+02  0.213085E+02  0.200862E+02  0.000000E+00  0.000000E+00  0.000000E+00  0.211212E+02
  0.282807E+02  0.205436E+02  0.193639E+02  0.000000E+00  0.000000E+00  0.000000E+00  0.203629E+02
  0.288520E+02  0.198058E+02  0.186673E+02  0.000000E+00  0.000000E+00  0.000000E+00  0.196314E+02
  0.294349E+02  0.190944E+02  0.179955E+02  0.000000E+00  0.000000E+00  0.000000E+00  0.189261E+02
  0.300295E+02  0.184083E+02  0.173476E+02  0.000000E+00  0.000000E+00  0.000000E+00  0.182458E+02
  0.306362E+02  0.177466E+02  0.167228E+02  0.000000E+00  0.000000E+00  0.000000E+00  0.175898E+02
  0.312550E+02  0.171086E+02  0.161202E+02  0.000000E+00  0.000000E+00  0.000000E+00  0.169572E+02
  0.318865E+02  0.164932E+02  0.155391E+02  0.000000E+00  0.000000E+00  0.000000E+00  0.163471E+02
  0.325306E+02  0.158999E+02  0.149788E+02  0.000000E+00  0.000000E+00  0.000000E+00  0.157588E+02
  0.331878E+02  0.153276E+02  0.144384E+02  0.000000E+00  0.000000E+00  0.000000E+00  0.151914E+02
  0.338582E+02  0.147758E+02  0.139173E+02  0.000000E+00  0.000000E+00  0.000000E+00  0.146443E+02
  0.345422E+02  0.142437E+02  0.134148E+02  0.000000E+00  0.000000E+00  0.000000E+00  0.141168E+02
  0.352400E+02  0.137307E+02  0.129303E+02  0.000000E+00  0.000000E+00  0.000000E+00  0.136081E+02
  0.359519E+02  0.132359E+02  0.124631E+02  0.000000E+00  0.000000E+00  0.000000E+00  0.131175E+02
  0.366781E+02  0.127588E+02  0.120125E+02  0.000000E+00  0.000000E+00  0.000000E+00  0.126445E+02
  0.374191E+02  0.122988E+02  0.115781E+02  0.000000E+00  0.000000E+00  0.000000E+00  0.121884E+02
  0.381750E+02  0.118552E+02  0.111592E+02  0.000000E+00  0.000000E+00  0.000000E+00  0.117486E+02
  0.389462E+02  0.114275E+02  0.107552E+02  0.000000E+00  0.000000E+00  0.000000E+00  0.113245E+02
  0.397329E+02  0.110151E+02  0.103658E+02  0.000000E+00  0.000000E+00  0.000000E+00  0.109157E+02
  0.405356E+02  0.106175E+02  0.999023E+01  0.000000E+00  0.000000E+00  0.000000E+00  0.105214E+02
  0.413545E+02  0.102341E+02  0.962814E+01  0.000000E+00  0.000000E+00  0.000000E+00  0.101413E+02
  0.421899E+02  0.986443E+01  0.927901E+01  0.000000E+00  0.000000E+00  0.000000E+00  0.977475E+01
  0.430422E+02  0.950802E+01  0.894240E+01  0.000000E+00  0.000000E+00  0.000000E+00  0.942138E+01
  0.439117E+02  0.916437E+01  0.861784E+01  0.000000E+00  0.000000E+00  0.000000E+00  0.908065E+01
  0.447988E+02  0.883306E+01  0.830492E+01  0.000000E+00  0.000000E+00  0.000000E+00  0.875216E+01
  0.457038E+02  0.851362E+01  0.800321E+01  0.000000E+00  0.000000E+00  0.000000E+00  0.843543E+01
  0.466270E+02  0.820565E+01  0.771233E+01  0.000000E+00  0.000000E+00  0.000000E+00  0.813008E+01
  0.475690E+02  0.790872E+01  0.743188E+01  0.000000E+00  0.000000E+00  0.000000E+00  0.783568E+01
  0.485300E+02  0.762245E+01  0.716149E+01  0.000000E+00  0.000000E+00  0.000000E+00  0.755184E+01
  0.495103E+02  0.734648E+01  0.690082E+01  0.000000E+00  0.000000E+00  0.000000E+00  0.727821E+01
  0.505105E+02  0.708040E+01  0.664950E+01  0.000000E+00  0.000000E+00  0.000000E+00  0.701439E+01
  0.515309E+02  0.682390E+01  0.640722E+01  0.000000E+00  0.000000E+00  0.000000E+00  0.676007E+01
  0.525719E+02  0.657661E+01  0.617363E+01  0.000000E+00  0.000000E+00  0.000000E+00  0.651488E+01
  0.536339E+02  0.633821E+01  0.594844E+01  0.000000E+00  0.000000E+00  0.000000E+00  0.627851E+01
  0.547174E+02  0.610839E+01  0.573135E+01  0.000000E+00  0.000000E+00  0.000000E+00  0.605063E+01
  0.558227E+02  0.588684E+01  0.552207E+01  0.000000E+00  0.000000E+00  0.000000E+00  0.583096E+01
  0.569504E+02  0.567325E+01  0.532030E+01  0.000000E+00  0.000000E+00  0.000000E+00  0.561918E+01
  0.581009E+02  0.546736E+01  0.512581E+01  0.000000E+00  0.000000E+00  0.000000E+00  0.541504E+01
  0.592746E+02  0.526887E+01  0.493831E+01  0.000000E+00  0.000000E+00  0.000000E+00  0.521824E+01
  0.604720E+02  0.507755E+01  0.475756E+01  0.000000E+00  0.000000E+00  0.000000E+00  0.502853E+01
  0.616937E+02  0.489310E+01  0.458332E+01  0.000000E+00  0.000000E+00  0.000000E+00  0.484565E+01
  0.629399E+02  0.471532E+01  0.441536E+01  0.000000E+00  0.000000E+00  0.000000E+00  0.466937E+01
  0.642114E+02  0.454393E+01  0.425344E+01  0.000000E+00  0.000000E+00  0.000000E+00  0.449943E+01
  0.655085E+02  0.437873E+01  0.409737E+01  0.000000E+00  0.000000E+00  0.000000E+00  0.433563E+01
  0.668319E+02  0.421948E+01  0.394691E+01  0.000000E+00  0.000000E+00  0.000000E+00  0.417773E+01
  0.681820E+02  0.406599E+01  0.380189E+01  0.000000E+00  0.000000E+00  0.000000E+00  0.402553E+01
  0.695594E+02  0.391802E+01  0.366209E+01  0.000000E+00  0.000000E+00  0.000000E+00  0.387882E+01
  0.709645E+02  0.377541E+01  0.352734E+01  0.000000E+00  0.000000E+00  0.000000E+00  0.373741E+01
  0.723982E+02  0.363793E+01  0.339745E+01  0.000000E+00  0.000000E+00  0.000000E+00  0.360110E+01
  0.738607E+02  0.350543E+01  0.327225E+01  0.000000E+00  0.000000E+00  0.000000E+00  0.346971E+01
  0.753528E+02  0.337771E+01  0.315157E+01  0.000000E+00  0.000000E+00  0.000000E+00  0.334307E+01
  0.768750E+02  0.325461E+01  0.303525E+01  0.000000E+00  0.000000E+00  0.000000E+00  0.322101E+01
  0.784280E+02  0.313596E+01  0.292313E+01  0.000000E+00  0.000000E+00  0.000000E+00  0.310336E+01
  0.800124E+02  0.302159E+01  0.281506E+01  0.000000E+00  0.000000E+00  0.000000E+00  0.298995E+01
  0.816287E+02  0.291137E+01  0.271090E+01  0.000000E+00  0.000000E+00  0.000000E+00  0.288066E+01
  0.832777E+02  0.280513E+01  0.261050E+01  0.000000E+00  0.000000E+00  0.000000E+00  0.277531E+01
  0.849600E+02  0.270273E+01  0.251373E+01  0.000000E+00  0.000000E+00  0.000000E+00  0.267378E+01
  0.866764E+02  0.260404E+01  0.242047E+01  0.000000E+00  0.000000E+00  0.000000E+00  0.257592E+01
  0.884273E+02  0.250893E+01  0.233057E+01  0.000000E+00  0.000000E+00  0.000000E+00  0.248161E+01
  0.902137E+02  0.241725E+01  0.224393E+01  0.000000E+00  0.000000E+00  0.000000E+00  0.239070E+01
  0.920362E+02  0.232890E+01  0.216043E+01  0.000000E+00  0.000000E+00  0.000000E+00  0.230309E+01
  0.938953E+02  0.224375E+01  0.207995E+01  0.000000E+00  0.000000E+00  0.000000E+00  0.221866E+01
  0.957921E+02  0.216168E+01  0.200239E+01  0.000000E+00  0.000000E+00  0.000000E+00  0.213728E+01
  0.977273E+02  0.208259E+01  0.192763E+01  0.000000E+00  0.000000E+00  0.000000E+00  0.205885E+01
  0.997016E+02  0.200637E+01  0.185558E+01  0.000000E+00  0.000000E+00  0.000000E+00  0.198327E+01
  0.101716E+03  0.193291E+01  0.178615E+01  0.000000E+00  0.000000E+00  0.000000E+00  0.191043E+01
  0.103770E+03  0.186211E+01  0.171923E+01  0.000000E+00  0.000000E+00  0.000000E+00  0.184023E+01
  0.105867E+03  0.179389E+01  0.165473E+01  0.000000E+00  0.000000E+00  0.000000E+00  0.177257E+01
  0.108005E+03  0.172814E+01  0.159258E+01  0.000000E+00  0.000000E+00  0.000000E+00  0.170737E+01
  0.110187E+03  0.166478E+01  0.153269E+01  0.000000E+00  0.000000E+00  0.000000E+00  0.164454E+01
  0.112413E+03  0.160371E+01  0.147496E+01  0.000000E+00  0.000000E+00  0.000000E+00  0.158399E+01
  0.114684E+03  0.154487E+01  0.141933E+01  0.000000E+00  0.000000E+00  0.000000E+00  0.152564E+01
  0.117001E+03  0.148816E+01  0.136572E+01  0.000000E+00  0.000000E+00  0.000000E+00  0.146940E+01
  0.119364E+03  0.143351E+01  0.131407E+01  0.000000E+00  0.000000E+00  0.000000E+00  0.141522E+01
  0.121776E+03  0.138085E+01  0.126428E+01  0.000000E+00  0.000000E+00  0.000000E+00  0.136299E+01
  0.124236E+03  0.133010E+01  0.121631E+01  0.000000E+00  0.000000E+00  0.000000E+00  0.131267E+01
  0.126746E+03  0.128120E+01  0.117007E+01  0.000000E+00  0.000000E+00  0.000000E+00  0.126418E+01
  0.129306E+03  0.123408E+01  0.112553E+01  0.000000E+00  0.000000E+00  0.000000E+00  0.121745E+01
  0.131918E+03  0.118867E+01  0.108260E+01  0.000000E+00  0.000000E+00  0.000000E+00  0.117242E+01
  0.134583E+03  0.114491E+01  0.104123E+01  0.000000E+00  0.000000E+00  0.000000E+00  0.112903E+01
  0.137302E+03  0.110275E+01  0.100137E+01  0.000000E+00  0.000000E+00  0.000000E+00  0.108722E+01
  0.140076E+03  0.106211E+01  0.962966E+00  0.000000E+00  0.000000E+00  0.000000E+00  0.104693E+01
  0.142905E+03  0.102297E+01  0.925961E+00  0.000000E+00  0.000000E+00  0.000000E+00  0.100811E+01
  0.145792E+03  0.985242E+00  0.890301E+00  0.000000E+00  0.000000E+00  0.000000E+00  0.970699E+00
  0.148737E+03  0.948891E+00  0.855942E+00  0.000000E+00  0.000000E+00  0.000000E+00  0.934653E+00
  0.151742E+03  0.913865E+00  0.822837E+00  0.000000E+00  0.000000E+00  0.000000E+00  0.899921E+00
  0.154807E+03  0.880118E+00  0.790943E+00  0.000000E+00  0.000000E+00  0.000000E+00  0.866458E+00
  0.157935E+03  0.847598E+00  0.760211E+00  0.000000E+00  0.000000E+00  0.000000E+00  0.834212E+00
  0.161125E+03  0.816265E+00  0.730601E+00  0.000000E+00  0.000000E+00  0.000000E+00  0.803142E+00
  0.164380E+03  0.786074E+00  0.702075E+00  0.000000E+00  0.000000E+00  0.000000E+00  0.773206E+00
  0.167701E+03  0.756987E+00  0.674595E+00  0.000000E+00  0.000000E+00  0.000000E+00  0.744366E+00
  0.171088E+03  0.728959E+00  0.648118E+00  0.000000E+00  0.000000E+00  0.000000E+00  0.716575E+00
  0.174545E+03  0.701954E+00  0.622611E+00  0.000000E+00  0.000000E+00  0.000000E+00  0.689800E+00
  0.178071E+03  0.675934E+00  0.598039E+00  0.000000E+00  0.000000E+00  0.000000E+00  0.664002E+00
  0.181668E+03  0.650868E+00  0.574370E+00  0.000000E+00  0.000000E+00  0.000000E+00  0.639150E+00
  0.185338E+03  0.626714E+00  0.551569E+00  0.000000E+00  0.000000E+00  0.000000E+00  0.615203E+00
  0.189082E+03  0.603444E+00  0.529605E+00  0.000000E+00  0.000000E+00  0.000000E+00  0.592133E+00
  0.192902E+03  0.581023E+00  0.508449E+00  0.000000E+00  0.000000E+00  0.000000E+00  0.569906E+00
  0.196798E+03  0.559425E+00  0.488073E+00  0.000000E+00  0.000000E+00  0.000000E+00  0.548495E+00
  0.200774E+03  0.538614E+00  0.468447E+00  0.000000E+00  0.000000E+00  0.000000E+00  0.527865E+00
  0.204830E+03  0.518564E+00  0.449544E+00  0.000000E+00  0.000000E+00  0.000000E+00  0.507991E+00
  0.208968E+03  0.499248E+00  0.431340E+00  0.000000E+00  0.000000E+00  0.000000E+00  0.488845E+00
  0.213189E+03  0.480640E+00  0.413810E+00  0.000000E+00  0.000000E+00  0.000000E+00  0.470403E+00
  0.217496E+03  0.462713E+00  0.396928E+00  0.000000E+00  0.000000E+00  0.000000E+00  0.452635E+00
  0.221890E+03  0.445441E+00  0.380672E+00  0.000000E+00  0.000000E+00  0.000000E+00  0.435520E+00
  0.226372E+03  0.428803E+00  0.365019E+00  0.000000E+00  0.000000E+00  0.000000E+00  0.419032E+00
  0.230945E+03  0.412774E+00  0.349948E+00  0.000000E+00  0.000000E+00  0.000000E+00  0.403150E+00
  0.235611E+03  0.397334E+00  0.335441E+00  0.000000E+00  0.000000E+00  0.000000E+00  0.387853E+00
  0.240370E+03  0.382459E+00  0.321473E+00  0.000000E+00  0.000000E+00  0.000000E+00  0.373117E+00
  0.245226E+03  0.368130E+00  0.308027E+00  0.000000E+00  0.000000E+00  0.000000E+00  0.358923E+00
  0.250180E+03  0.354326E+00  0.295085E+00  0.000000E+00  0.000000E+00  0.000000E+00  0.345252E+00
  0.255234E+03  0.341031E+00  0.282631E+00  0.000000E+00  0.000000E+00  0.000000E+00  0.332085E+00
  0.260390E+03  0.328223E+00  0.270644E+00  0.000000E+00  0.000000E+00  0.000000E+00  0.319402E+00
  0.265650E+03  0.315885E+00  0.259109E+00  0.000000E+00  0.000000E+00  0.000000E+00  0.307188E+00
  0.271017E+03  0.304001E+00  0.248010E+00  0.000000E+00  0.000000E+00  0.000000E+00  0.295424E+00
  0.276492E+03  0.292555E+00  0.237334E+00  0.000000E+00  0.000000E+00  0.000000E+00  0.284096E+00
  0.282077E+03  0.281529E+00  0.227062E+00  0.000000E+00  0.000000E+00  0.000000E+00  0.273186E+00
  0.287776E+03  0.270909E+00  0.217183E+00  0.000000E+00  0.000000E+00  0.000000E+00  0.262679E+00
  0.293589E+03  0.260681E+00  0.207682E+00  0.000000E+00  0.000000E+00  0.000000E+00  0.252562E+00
  0.299520E+03  0.250830E+00  0.198547E+00  0.000000E+00  0.000000E+00  0.000000E+00  0.242821E+00
  0.305570E+03  0.241342E+00  0.189763E+00  0.000000E+00  0.000000E+00  0.000000E+00  0.233441E+00
  0.311744E+03  0.232203E+00  0.181320E+00  0.000000E+00  0.000000E+00  0.000000E+00  0.224409E+00
  0.318041E+03  0.223403E+00  0.173205E+00  0.000000E+00  0.000000E+00  0.000000E+00  0.215713E+00
  0.324466E+03  0.214928E+00  0.165407E+00  0.000000E+00  0.000000E+00  0.000000E+00  0.207342E+00
  0.331021E+03  0.206766E+00  0.157915E+00  0.000000E+00  0.000000E+00  0.000000E+00  0.199282E+00
  0.337708E+03  0.198905E+00  0.150718E+00  0.000000E+00  0.000000E+00  0.000000E+00  0.191524E+00
  0.344530E+03  0.191336E+00  0.143807E+00  0.000000E+00  0.000000E+00  0.000000E+00  0.184055E+00
  0.351490E+03  0.184048E+00  0.137172E+00  0.000000E+00  0.000000E+00  0.000000E+00  0.176867E+00
  0.358590E+03  0.177030E+00  0.130802E+00  0.000000E+00  0.000000E+00  0.000000E+00  0.169949E+00
  0.365834E+03  0.170272E+00  0.124689E+00  0.000000E+00  0.000000E+00  0.000000E+00  0.163290E+00
  0.373225E+03  0.163766E+00  0.118824E+00  0.000000E+00  0.000000E+00  0.000000E+00  0.156881E+00
  0.380765E+03  0.157501E+00  0.113199E+00  0.000000E+00  0.000000E+00  0.000000E+00  0.150715E+00
  0.388456E+03  0.151470E+00  0.107806E+00  0.000000E+00  0.000000E+00  0.000000E+00  0.144782E+00
  0.396304E+03  0.145664E+00  0.102636E+00  0.000000E+00  0.000000E+00  0.000000E+00  0.139073E+00
  0.404310E+03  0.140074E+00  0.976813E-01  0.000000E+00  0.000000E+00  0.000000E+00  0.133580E+00
  0.412477E+03  0.134693E+00  0.929355E-01  0.000000E+00  0.000000E+00  0.000000E+00  0.128297E+00
  0.420809E+03  0.129514E+00  0.883915E-01  0.000000E+00  0.000000E+00  0.000000E+00  0.123215E+00
  0.429311E+03  0.124528E+00  0.840414E-01  0.000000E+00  0.000000E+00  0.000000E+00  0.118326E+00
  0.437983E+03  0.119730E+00  0.798791E-01  0.000000E+00  0.000000E+00  0.000000E+00  0.113625E+00
  0.446832E+03  0.115111E+00  0.758981E-01  0.000000E+00  0.000000E+00  0.000000E+00  0.109105E+00
  0.455857E+03  0.110667E+00  0.720923E-01  0.000000E+00  0.000000E+00  0.000000E+00  0.104758E+00
  0.465067E+03  0.106390E+00  0.684552E-01  0.000000E+00  0.000000E+00  0.000000E+00  0.100579E+00
  0.474462E+03  0.102274E+00  0.649809E-01  0.000000E+00  0.000000E+00  0.000000E+00  0.965613E-01
  0.484047E+03  0.983138E-01  0.616639E-01  0.000000E+00  0.000000E+00  0.000000E+00  0.926996E-01
  0.493824E+03  0.945037E-01  0.584988E-01  0.000000E+00  0.000000E+00  0.000000E+00  0.889884E-01
  0.503801E+03  0.908378E-01  0.554796E-01  0.000000E+00  0.000000E+00  0.000000E+00  0.854215E-01
  0.513978E+03  0.873112E-01  0.526013E-01  0.000000E+00  0.000000E+00  0.000000E+00  0.819942E-01
  0.524362E+03  0.839188E-01  0.498587E-01  0.000000E+00  0.000000E+00  0.000000E+00  0.787013E-01
  0.534954E+03  0.806560E-01  0.472470E-01  0.000000E+00  0.000000E+00  0.000000E+00  0.755383E-01
  0.545761E+03  0.775176E-01  0.447609E-01  0.000000E+00  0.000000E+00  0.000000E+00  0.724998E-01
  0.556786E+03  0.744993E-01  0.423957E-01  0.000000E+00  0.000000E+00  0.000000E+00  0.695815E-01
  0.568034E+03  0.715967E-01  0.401468E-01  0.000000E+00  0.000000E+00  0.000000E+00  0.667791E-01
  0.579508E+03  0.688060E-01  0.380098E-01  0.000000E+00  0.000000E+00  0.000000E+00  0.640885E-01
  0.591215E+03  0.661224E-01  0.359798E-01  0.000000E+00  0.000000E+00  0.000000E+00  0.615050E-01
  0.603159E+03  0.635424E-01  0.340526E-01  0.000000E+00  0.000000E+00  0.000000E+00  0.590250E-01
  0.615344E+03  0.610621E-01  0.322239E-01  0.000000E+00  0.000000E+00  0.000000E+00  0.566446E-01
  0.627775E+03  0.586780E-01  0.304895E-01  0.000000E+00  0.000000E+00  0.000000E+00  0.543599E-01
  0.640456E+03  0.563865E-01  0.288454E-01  0.000000E+00  0.000000E+00  0.000000E+00  0.521677E-01
  0.653394E+03  0.541840E-01  0.272873E-01  0.000000E+00  0.000000E+00  0.000000E+00  0.500639E-01
  0.666594E+03  0.520673E-01  0.258114E-01  0.000000E+00  0.000000E+00  0.000000E+00  0.480453E-01
  0.680060E+03  0.500333E-01  0.244137E-01  0.000000E+00  0.000000E+00  0.000000E+00  0.461088E-01
  0.693798E+03  0.480790E-01  0.230907E-01  0.000000E+00  0.000000E+00  0.000000E+00  0.442512E-01
  0.707814E+03  0.462010E-01  0.218384E-01  0.000000E+00  0.000000E+00  0.000000E+00  0.424691E-01
  0.722113E+03  0.443968E-01  0.206534E-01  0.000000E+00  0.000000E+00  0.000000E+00  0.407597E-01
  0.736701E+03  0.426635E-01  0.195321E-01  0.000000E+00  0.000000E+00  0.000000E+00  0.391201E-01
  0.751582E+03  0.409985E-01  0.184714E-01  0.000000E+00  0.000000E+00  0.000000E+00  0.375477E-01
  0.766765E+03  0.393990E-01  0.174676E-01  0.000000E+00  0.000000E+00  0.000000E+00  0.360395E-01
  0.782255E+03  0.378626E-01  0.165178E-01  0.000000E+00  0.000000E+00  0.000000E+00  0.345930E-01
  0.798058E+03  0.363869E-01  0.156190E-01  0.000000E+00  0.000000E+00  0.000000E+00  0.332056E-01
  0.814179E+03  0.349697E-01  0.147681E-01  0.000000E+00  0.000000E+00  0.000000E+00  0.318751E-01
  0.830627E+03  0.336083E-01  0.139624E-01  0.000000E+00  0.000000E+00  0.000000E+00  0.305989E-01
  0.847407E+03  0.323008E-01  0.131993E-01  0.000000E+00  0.000000E+00  0.000000E+00  0.293748E-01
  0.864526E+03  0.310451E-01  0.124762E-01  0.000000E+00  0.000000E+00  0.000000E+00  0.282006E-01
  0.881989E+03  0.298391E-01  0.117907E-01  0.000000E+00  0.000000E+00  0.000000E+00  0.270744E-01
  0.899807E+03  0.286808E-01  0.111407E-01  0.000000E+00  0.000000E+00  0.000000E+00  0.259939E-01
  0.917985E+03  0.275682E-01  0.105240E-01  0.000000E+00  0.000000E+00  0.000000E+00  0.249573E-01
  0.936530E+03  0.264997E-01  0.993873E-02  0.000000E+00  0.000000E+00  0.000000E+00  0.239628E-01
  0.955448E+03  0.254735E-01  0.938316E-02  0.000000E+00  0.000000E+00  0.000000E+00  0.230087E-01
  0.974749E+03  0.244876E-01  0.885555E-02  0.000000E+00  0.000000E+00  0.000000E+00  0.220930E-01
  0.994441E+03  0.235407E-01  0.835448E-02  0.000000E+00  0.000000E+00  0.000000E+00  0.212144E-01
  0.101453E+04  0.226310E-01  0.787858E-02  0.000000E+00  0.000000E+00  0.000000E+00  0.203712E-01
