  0.101522E-04  0.228053E+07  0.228053E+07  0.304055E+07  0.304055E+07  0.000000E+00  0.228053E+07
  0.163964E-04  0.228053E+07  0.228053E+07  0.304028E+07  0.304028E+07  0.000000E+00  0.228053E+07
  0.264812E-04  0.228052E+07  0.228052E+07  0.303959E+07  0.303957E+07  0.000000E+00  0.228052E+07
  0.427687E-04  0.228050E+07  0.228050E+07  0.303777E+07  0.303774E+07  0.000000E+00  0.228050E+07
  0.690739E-04  0.228045E+07  0.228045E+07  0.303305E+07  0.303295E+07  0.000000E+00  0.228045E+07
  0.111558E-03  0.228032E+07  0.228032E+07  0.302076E+07  0.302050E+07  0.000000E+00  0.228032E+07
  0.180173E-03  0.227998E+07  0.227998E+07  0.298891E+07  0.298826E+07  0.000000E+00  0.227998E+07
  0.290991E-03  0.227910E+07  0.227909E+07  0.290731E+07  0.290566E+07  0.000000E+00  0.227910E+07
  0.469967E-03  0.227681E+07  0.227678E+07  0.270410E+07  0.270017E+07  0.000000E+00  0.227680E+07
  0.759025E-03  0.227098E+07  0.227091E+07  0.223483E+07  0.222676E+07  0.000000E+00  0.227097E+07
  0.122587E-02  0.225665E+07  0.225648E+07  0.134864E+07  0.133853E+07  0.000000E+00  0.225662E+07
  0.197985E-02  0.222410E+07  0.222366E+07  0.388590E+06  0.393508E+06  0.000000E+00  0.222404E+07
  0.319758E-02  0.215954E+07  0.215840E+07  0.152561E+06  0.166699E+06  0.000000E+00  0.215936E+07
  0.516427E-02  0.204756E+07  0.204469E+07  0.644014E+05  0.000000E+00  0.000000E+00  0.204712E+07
  0.834061E-02  0.187047E+07  0.186345E+07  0.176820E+05  0.000000E+00  0.000000E+00  0.186939E+07
  0.125109E-01  0.165670E+07  0.164242E+07  0.534131E+04  0.000000E+00  0.000000E+00  0.165451E+07
  0.166812E-01  0.146447E+07  0.144201E+07  0.242534E+04  0.000000E+00  0.000000E+00  0.146103E+07
  0.208515E-01  0.129210E+07  0.126176E+07  0.164990E+04  0.000000E+00  0.000000E+00  0.128745E+07
  0.250218E-01  0.113896E+07  0.110213E+07  0.141423E+04  0.000000E+00  0.000000E+00  0.113332E+07
  0.291921E-01  0.100551E+07  0.964395E+06  0.925117E+03  0.000000E+00  0.000000E+00  0.999215E+06
  0.333624E-01  0.891876E+06  0.849060E+06  0.586442E+03  0.000000E+00  0.000000E+00  0.885317E+06
  0.375327E-01  0.797429E+06  0.755503E+06  0.422443E+03  0.000000E+00  0.000000E+00  0.791007E+06
  0.417030E-01  0.720625E+06  0.681792E+06  0.282040E+03  0.000000E+00  0.000000E+00  0.714677E+06
  0.458733E-01  0.658888E+06  0.624697E+06  0.000000E+00  0.000000E+00  0.000000E+00  0.653650E+06
  0.500436E-01  0.609945E+06  0.581159E+06  0.000000E+00  0.000000E+00  0.000000E+00  0.605535E+06
  0.542139E-01  0.569851E+06  0.546443E+06  0.000000E+00  0.000000E+00  0.000000E+00  0.566265E+06
  0.583842E-01  0.535937E+06  0.517216E+06  0.000000E+00  0.000000E+00  0.000000E+00  0.533069E+06
  0.625545E-01  0.505564E+06  0.490390E+06  0.000000E+00  0.000000E+00  0.000000E+00  0.503239E+06
  0.667249E-01  0.476932E+06  0.463966E+06  0.000000E+00  0.000000E+00  0.000000E+00  0.474945E+06
  0.708952E-01  0.448954E+06  0.436899E+06  0.000000E+00  0.000000E+00  0.000000E+00  0.447107E+06
  0.750655E-01  0.421300E+06  0.409104E+06  0.000000E+00  0.000000E+00  0.000000E+00  0.419432E+06
  0.792358E-01  0.394252E+06  0.381235E+06  0.000000E+00  0.000000E+00  0.000000E+00  0.392258E+06
  0.834061E-01  0.368393E+06  0.354296E+06  0.000000E+00  0.000000E+00  0.000000E+00  0.366233E+06
  0.875764E-01  0.344346E+06  0.329296E+06  0.000000E+00  0.000000E+00  0.000000E+00  0.342040E+06
  0.938217E-01  0.312854E+06  0.297219E+06  0.000000E+00  0.000000E+00  0.000000E+00  0.310459E+06
  0.100067E+00  0.287650E+06  0.272774E+06  0.000000E+00  0.000000E+00  0.000000E+00  0.285371E+06
  0.106312E+00  0.268381E+06  0.255401E+06  0.000000E+00  0.000000E+00  0.000000E+00  0.266393E+06
  0.112558E+00  0.253424E+06  0.242843E+06  0.000000E+00  0.000000E+00  0.000000E+00  0.251803E+06
  0.118803E+00  0.240772E+06  0.232364E+06  0.000000E+00  0.000000E+00  0.000000E+00  0.239484E+06
  0.125048E+00  0.228602E+06  0.221614E+06  0.000000E+00  0.000000E+00  0.000000E+00  0.227532E+06
  0.131294E+00  0.215756E+06  0.209264E+06  0.000000E+00  0.000000E+00  0.000000E+00  0.214761E+06
  0.137539E+00  0.202232E+06  0.195500E+06  0.000000E+00  0.000000E+00  0.000000E+00  0.201201E+06
  0.143784E+00  0.188860E+06  0.181557E+06  0.000000E+00  0.000000E+00  0.000000E+00  0.187742E+06
  0.150030E+00  0.176503E+06  0.168730E+06  0.000000E+00  0.000000E+00  0.000000E+00  0.175313E+06
  0.156275E+00  0.165798E+06  0.157953E+06  0.000000E+00  0.000000E+00  0.000000E+00  0.164596E+06
  0.162520E+00  0.157094E+06  0.149660E+06  0.000000E+00  0.000000E+00  0.000000E+00  0.155955E+06
  0.168766E+00  0.150193E+06  0.143533E+06  0.000000E+00  0.000000E+00  0.000000E+00  0.149173E+06
  0.175011E+00  0.144422E+06  0.138661E+06  0.000000E+00  0.000000E+00  0.000000E+00  0.143539E+06
  0.181256E+00  0.139077E+06  0.134093E+06  0.000000E+00  0.000000E+00  0.000000E+00  0.138313E+06
  0.187502E+00  0.133670E+06  0.129179E+06  0.000000E+00  0.000000E+00  0.000000E+00  0.132982E+06
  0.193747E+00  0.127964E+06  0.123645E+06  0.000000E+00  0.000000E+00  0.000000E+00  0.127302E+06
  0.199992E+00  0.122011E+06  0.117624E+06  0.000000E+00  0.000000E+00  0.000000E+00  0.121339E+06
  0.206238E+00  0.116105E+06  0.111553E+06  0.000000E+00  0.000000E+00  0.000000E+00  0.115408E+06
  0.212483E+00  0.110588E+06  0.105922E+06  0.000000E+00  0.000000E+00  0.000000E+00  0.109873E+06
  0.218728E+00  0.105707E+06  0.101072E+06  0.000000E+00  0.000000E+00  0.000000E+00  0.104997E+06
  0.224974E+00  0.101551E+06  0.971160E+05  0.000000E+00  0.000000E+00  0.000000E+00  0.100872E+06
  0.231219E+00  0.980337E+05  0.939195E+05  0.000000E+00  0.000000E+00  0.000000E+00  0.974035E+05
  0.237464E+00  0.949266E+05  0.911717E+05  0.000000E+00  0.000000E+00  0.000000E+00  0.943514E+05
  0.243710E+00  0.919799E+05  0.885384E+05  0.000000E+00  0.000000E+00  0.000000E+00  0.914527E+05
  0.249955E+00  0.890200E+05  0.857917E+05  0.000000E+00  0.000000E+00  0.000000E+00  0.885254E+05
  0.256200E+00  0.859791E+05  0.828523E+05  0.000000E+00  0.000000E+00  0.000000E+00  0.855001E+05
  0.262446E+00  0.828825E+05  0.797729E+05  0.000000E+00  0.000000E+00  0.000000E+00  0.824062E+05
  0.268691E+00  0.798256E+05  0.766983E+05  0.000000E+00  0.000000E+00  0.000000E+00  0.793466E+05
  0.274936E+00  0.769324E+05  0.738025E+05  0.000000E+00  0.000000E+00  0.000000E+00  0.764529E+05
  0.281182E+00  0.742961E+05  0.712117E+05  0.000000E+00  0.000000E+00  0.000000E+00  0.738236E+05
  0.287427E+00  0.719393E+05  0.689567E+05  0.000000E+00  0.000000E+00  0.000000E+00  0.714824E+05
  0.293672E+00  0.698240E+05  0.669846E+05  0.000000E+00  0.000000E+00  0.000000E+00  0.693890E+05
  0.299918E+00  0.678834E+05  0.652011E+05  0.000000E+00  0.000000E+00  0.000000E+00  0.674725E+05
  0.306163E+00  0.660402E+05  0.635000E+05  0.000000E+00  0.000000E+00  0.000000E+00  0.656511E+05
  0.312408E+00  0.642242E+05  0.617922E+05  0.000000E+00  0.000000E+00  0.000000E+00  0.638516E+05
  0.318654E+00  0.624016E+05  0.600388E+05  0.000000E+00  0.000000E+00  0.000000E+00  0.620397E+05
  0.324899E+00  0.605828E+05  0.582583E+05  0.000000E+00  0.000000E+00  0.000000E+00  0.602267E+05
  0.331144E+00  0.588008E+05  0.565001E+05  0.000000E+00  0.000000E+00  0.000000E+00  0.584484E+05
  0.337390E+00  0.570931E+05  0.548185E+05  0.000000E+00  0.000000E+00  0.000000E+00  0.567447E+05
  0.343635E+00  0.554911E+05  0.532568E+05  0.000000E+00  0.000000E+00  0.000000E+00  0.551488E+05
  0.349880E+00  0.540073E+05  0.518314E+05  0.000000E+00  0.000000E+00  0.000000E+00  0.536740E+05
  0.356126E+00  0.526304E+05  0.505269E+05  0.000000E+00  0.000000E+00  0.000000E+00  0.523082E+05
  0.362371E+00  0.513364E+05  0.493104E+05  0.000000E+00  0.000000E+00  0.000000E+00  0.510260E+05
  0.368617E+00  0.500986E+05  0.481459E+05  0.000000E+00  0.000000E+00  0.000000E+00  0.497995E+05
  0.374862E+00  0.488931E+05  0.470021E+05  0.000000E+00  0.000000E+00  0.000000E+00  0.486034E+05
  0.381107E+00  0.477054E+05  0.458626E+05  0.000000E+00  0.000000E+00  0.000000E+00  0.474231E+05
  0.387353E+00  0.465363E+05  0.447299E+05  0.000000E+00  0.000000E+00  0.000000E+00  0.462596E+05
  0.393598E+00  0.453955E+05  0.436190E+05  0.000000E+00  0.000000E+00  0.000000E+00  0.451234E+05
  0.399843E+00  0.442938E+05  0.425463E+05  0.000000E+00  0.000000E+00  0.000000E+00  0.440261E+05
  0.406089E+00  0.432404E+05  0.415254E+05  0.000000E+00  0.000000E+00  0.000000E+00  0.429776E+05
  0.407457E+00  0.430168E+05  0.413097E+05  0.000000E+00  0.000000E+00  0.000000E+00  0.427553E+05
  0.415689E+00  0.417263E+05  0.400713E+05  0.000000E+00  0.000000E+00  0.000000E+00  0.414728E+05
  0.424086E+00  0.404966E+05  0.389002E+05  0.000000E+00  0.000000E+00  0.000000E+00  0.402521E+05
  0.432653E+00  0.393068E+05  0.377684E+05  0.000000E+00  0.000000E+00  0.000000E+00  0.390711E+05
  0.441393E+00  0.381401E+05  0.366528E+05  0.000000E+00  0.000000E+00  0.000000E+00  0.379123E+05
  0.450310E+00  0.369885E+05  0.355440E+05  0.000000E+00  0.000000E+00  0.000000E+00  0.367672E+05
  0.459407E+00  0.358562E+05  0.344493E+05  0.000000E+00  0.000000E+00  0.000000E+00  0.356407E+05
  0.468688E+00  0.347570E+05  0.333878E+05  0.000000E+00  0.000000E+00  0.000000E+00  0.345473E+05
  0.478156E+00  0.336983E+05  0.323698E+05  0.000000E+00  0.000000E+00  0.000000E+00  0.334948E+05
  0.487815E+00  0.326805E+05  0.313955E+05  0.000000E+00  0.000000E+00  0.000000E+00  0.324837E+05
  0.497670E+00  0.316949E+05  0.304527E+05  0.000000E+00  0.000000E+00  0.000000E+00  0.315046E+05
  0.507723E+00  0.307328E+05  0.295299E+05  0.000000E+00  0.000000E+00  0.000000E+00  0.305486E+05
  0.517980E+00  0.297913E+05  0.286238E+05  0.000000E+00  0.000000E+00  0.000000E+00  0.296125E+05
  0.528444E+00  0.288732E+05  0.277393E+05  0.000000E+00  0.000000E+00  0.000000E+00  0.286995E+05
  0.539119E+00  0.279845E+05  0.268845E+05  0.000000E+00  0.000000E+00  0.000000E+00  0.278160E+05
  0.550010E+00  0.271253E+05  0.260598E+05  0.000000E+00  0.000000E+00  0.000000E+00  0.269621E+05
  0.561121E+00  0.262936E+05  0.252623E+05  0.000000E+00  0.000000E+00  0.000000E+00  0.261357E+05
  0.572456E+00  0.254841E+05  0.244851E+05  0.000000E+00  0.000000E+00  0.000000E+00  0.253310E+05
  0.584021E+00  0.246960E+05  0.237274E+05  0.000000E+00  0.000000E+00  0.000000E+00  0.245476E+05
  0.595818E+00  0.239294E+05  0.229902E+05  0.000000E+00  0.000000E+00  0.000000E+00  0.237855E+05
  0.607855E+00  0.231870E+05  0.222768E+05  0.000000E+00  0.000000E+00  0.000000E+00  0.230476E+05
  0.620134E+00  0.224675E+05  0.215859E+05  0.000000E+00  0.000000E+00  0.000000E+00  0.223324E+05
  0.632662E+00  0.217696E+05  0.209158E+05  0.000000E+00  0.000000E+00  0.000000E+00  0.216388E+05
  0.645442E+00  0.210911E+05  0.202640E+05  0.000000E+00  0.000000E+00  0.000000E+00  0.209644E+05
  0.658481E+00  0.204323E+05  0.196307E+05  0.000000E+00  0.000000E+00  0.000000E+00  0.203095E+05
  0.671783E+00  0.197933E+05  0.190168E+05  0.000000E+00  0.000000E+00  0.000000E+00  0.196744E+05
  0.685355E+00  0.191737E+05  0.184216E+05  0.000000E+00  0.000000E+00  0.000000E+00  0.190584E+05
  0.699199E+00  0.185728E+05  0.178444E+05  0.000000E+00  0.000000E+00  0.000000E+00  0.184612E+05
  0.713324E+00  0.179893E+05  0.172838E+05  0.000000E+00  0.000000E+00  0.000000E+00  0.178812E+05
  0.727734E+00  0.174233E+05  0.167400E+05  0.000000E+00  0.000000E+00  0.000000E+00  0.173186E+05
  0.742436E+00  0.168745E+05  0.162127E+05  0.000000E+00  0.000000E+00  0.000000E+00  0.167731E+05
  0.757434E+00  0.163419E+05  0.157011E+05  0.000000E+00  0.000000E+00  0.000000E+00  0.162438E+05
  0.772735E+00  0.158255E+05  0.152049E+05  0.000000E+00  0.000000E+00  0.000000E+00  0.157304E+05
  0.788345E+00  0.153246E+05  0.147237E+05  0.000000E+00  0.000000E+00  0.000000E+00  0.152325E+05
  0.804271E+00  0.148387E+05  0.142569E+05  0.000000E+00  0.000000E+00  0.000000E+00  0.147496E+05
  0.820519E+00  0.143676E+05  0.138043E+05  0.000000E+00  0.000000E+00  0.000000E+00  0.142813E+05
  0.837094E+00  0.139109E+05  0.133655E+05  0.000000E+00  0.000000E+00  0.000000E+00  0.138274E+05
  0.854005E+00  0.134680E+05  0.129400E+05  0.000000E+00  0.000000E+00  0.000000E+00  0.133871E+05
  0.871256E+00  0.130386E+05  0.125274E+05  0.000000E+00  0.000000E+00  0.000000E+00  0.129603E+05
  0.888857E+00  0.126224E+05  0.121275E+05  0.000000E+00  0.000000E+00  0.000000E+00  0.125466E+05
  0.906813E+00  0.122190E+05  0.117399E+05  0.000000E+00  0.000000E+00  0.000000E+00  0.121456E+05
  0.925132E+00  0.118279E+05  0.113642E+05  0.000000E+00  0.000000E+00  0.000000E+00  0.117568E+05
  0.943821E+00  0.114488E+05  0.110000E+05  0.000000E+00  0.000000E+00  0.000000E+00  0.113800E+05
  0.962887E+00  0.110813E+05  0.106469E+05  0.000000E+00  0.000000E+00  0.000000E+00  0.110148E+05
  0.982339E+00  0.107252E+05  0.103048E+05  0.000000E+00  0.000000E+00  0.000000E+00  0.106608E+05
  0.100218E+01  0.103801E+05  0.997317E+04  0.000000E+00  0.000000E+00  0.000000E+00  0.103177E+05
  0.102243E+01  0.100456E+05  0.965184E+04  0.000000E+00  0.000000E+00  0.000000E+00  0.998530E+04
  0.104308E+01  0.972150E+04  0.934043E+04  0.000000E+00  0.000000E+00  0.000000E+00  0.966312E+04
  0.106415E+01  0.940744E+04  0.903869E+04  0.000000E+00  0.000000E+00  0.000000E+00  0.935096E+04
  0.108565E+01  0.910314E+04  0.874633E+04  0.000000E+00  0.000000E+00  0.000000E+00  0.904848E+04
  0.110758E+01  0.880833E+04  0.846308E+04  0.000000E+00  0.000000E+00  0.000000E+00  0.875545E+04
  0.112996E+01  0.852273E+04  0.818868E+04  0.000000E+00  0.000000E+00  0.000000E+00  0.847156E+04
  0.115278E+01  0.824608E+04  0.792288E+04  0.000000E+00  0.000000E+00  0.000000E+00  0.819657E+04
  0.117607E+01  0.797809E+04  0.766540E+04  0.000000E+00  0.000000E+00  0.000000E+00  0.793019E+04
  0.119983E+01  0.771851E+04  0.741600E+04  0.000000E+00  0.000000E+00  0.000000E+00  0.767217E+04
  0.122407E+01  0.746707E+04  0.717442E+04  0.000000E+00  0.000000E+00  0.000000E+00  0.742224E+04
  0.124880E+01  0.722354E+04  0.694044E+04  0.000000E+00  0.000000E+00  0.000000E+00  0.718017E+04
  0.127402E+01  0.698766E+04  0.671381E+04  0.000000E+00  0.000000E+00  0.000000E+00  0.694571E+04
  0.129976E+01  0.675923E+04  0.649433E+04  0.000000E+00  0.000000E+00  0.000000E+00  0.671865E+04
  0.132602E+01  0.653801E+04  0.628179E+04  0.000000E+00  0.000000E+00  0.000000E+00  0.649876E+04
  0.135281E+01  0.632381E+04  0.607598E+04  0.000000E+00  0.000000E+00  0.000000E+00  0.628584E+04
  0.138013E+01  0.611640E+04  0.587671E+04  0.000000E+00  0.000000E+00  0.000000E+00  0.607968E+04
  0.140802E+01  0.591555E+04  0.568373E+04  0.000000E+00  0.000000E+00  0.000000E+00  0.588004E+04
  0.143646E+01  0.572111E+04  0.549691E+04  0.000000E+00  0.000000E+00  0.000000E+00  0.568676E+04
  0.146548E+01  0.553286E+04  0.531605E+04  0.000000E+00  0.000000E+00  0.000000E+00  0.549965E+04
  0.149508E+01  0.535062E+04  0.514095E+04  0.000000E+00  0.000000E+00  0.000000E+00  0.531850E+04
  0.152529E+01  0.517417E+04  0.497142E+04  0.000000E+00  0.000000E+00  0.000000E+00  0.514311E+04
  0.155610E+01  0.500340E+04  0.480734E+04  0.000000E+00  0.000000E+00  0.000000E+00  0.497336E+04
  0.158753E+01  0.483808E+04  0.464850E+04  0.000000E+00  0.000000E+00  0.000000E+00  0.480904E+04
  0.161960E+01  0.467806E+04  0.449476E+04  0.000000E+00  0.000000E+00  0.000000E+00  0.464998E+04
  0.165232E+01  0.452319E+04  0.434595E+04  0.000000E+00  0.000000E+00  0.000000E+00  0.449604E+04
  0.168570E+01  0.437327E+04  0.420192E+04  0.000000E+00  0.000000E+00  0.000000E+00  0.434702E+04
  0.171975E+01  0.422819E+04  0.406252E+04  0.000000E+00  0.000000E+00  0.000000E+00  0.420282E+04
  0.175449E+01  0.408777E+04  0.392760E+04  0.000000E+00  0.000000E+00  0.000000E+00  0.406324E+04
  0.178994E+01  0.395190E+04  0.379706E+04  0.000000E+00  0.000000E+00  0.000000E+00  0.392818E+04
  0.182610E+01  0.382042E+04  0.367073E+04  0.000000E+00  0.000000E+00  0.000000E+00  0.379749E+04
  0.186299E+01  0.369319E+04  0.354849E+04  0.000000E+00  0.000000E+00  0.000000E+00  0.367103E+04
  0.190062E+01  0.357010E+04  0.343022E+04  0.000000E+00  0.000000E+00  0.000000E+00  0.354868E+04
  0.193902E+01  0.345099E+04  0.331578E+04  0.000000E+00  0.000000E+00  0.000000E+00  0.343028E+04
  0.197819E+01  0.333575E+04  0.320505E+04  0.000000E+00  0.000000E+00  0.000000E+00  0.331573E+04
  0.201815E+01  0.322425E+04  0.309792E+04  0.000000E+00  0.000000E+00  0.000000E+00  0.320490E+04
  0.205892E+01  0.311638E+04  0.299428E+04  0.000000E+00  0.000000E+00  0.000000E+00  0.309768E+04
  0.210051E+01  0.301203E+04  0.289401E+04  0.000000E+00  0.000000E+00  0.000000E+00  0.299395E+04
  0.214294E+01  0.291108E+04  0.279702E+04  0.000000E+00  0.000000E+00  0.000000E+00  0.289361E+04
  0.218623E+01  0.281343E+04  0.270320E+04  0.000000E+00  0.000000E+00  0.000000E+00  0.279654E+04
  0.223040E+01  0.271897E+04  0.261244E+04  0.000000E+00  0.000000E+00  0.000000E+00  0.270265E+04
  0.227546E+01  0.262762E+04  0.252467E+04  0.000000E+00  0.000000E+00  0.000000E+00  0.261185E+04
  0.232143E+01  0.253925E+04  0.243977E+04  0.000000E+00  0.000000E+00  0.000000E+00  0.252401E+04
  0.236832E+01  0.245379E+04  0.235765E+04  0.000000E+00  0.000000E+00  0.000000E+00  0.243906E+04
  0.241616E+01  0.237112E+04  0.227823E+04  0.000000E+00  0.000000E+00  0.000000E+00  0.235689E+04
  0.246497E+01  0.229118E+04  0.220142E+04  0.000000E+00  0.000000E+00  0.000000E+00  0.227743E+04
  0.251477E+01  0.221387E+04  0.212713E+04  0.000000E+00  0.000000E+00  0.000000E+00  0.220058E+04
  0.256557E+01  0.213911E+04  0.205530E+04  0.000000E+00  0.000000E+00  0.000000E+00  0.212627E+04
  0.261740E+01  0.206681E+04  0.198584E+04  0.000000E+00  0.000000E+00  0.000000E+00  0.205441E+04
  0.267027E+01  0.199691E+04  0.191868E+04  0.000000E+00  0.000000E+00  0.000000E+00  0.198493E+04
  0.272422E+01  0.192932E+04  0.185373E+04  0.000000E+00  0.000000E+00  0.000000E+00  0.191774E+04
  0.277925E+01  0.186396E+04  0.179093E+04  0.000000E+00  0.000000E+00  0.000000E+00  0.185277E+04
  0.283539E+01  0.180077E+04  0.173021E+04  0.000000E+00  0.000000E+00  0.000000E+00  0.178996E+04
  0.289267E+01  0.173967E+04  0.167151E+04  0.000000E+00  0.000000E+00  0.000000E+00  0.172923E+04
  0.295111E+01  0.168059E+04  0.161475E+04  0.000000E+00  0.000000E+00  0.000000E+00  0.167051E+04
  0.301072E+01  0.162349E+04  0.155988E+04  0.000000E+00  0.000000E+00  0.000000E+00  0.161375E+04
  0.307155E+01  0.156828E+04  0.150684E+04  0.000000E+00  0.000000E+00  0.000000E+00  0.155887E+04
  0.313359E+01  0.151492E+04  0.145556E+04  0.000000E+00  0.000000E+00  0.000000E+00  0.150582E+04
  0.319690E+01  0.146333E+04  0.140599E+04  0.000000E+00  0.000000E+00  0.000000E+00  0.145454E+04
  0.326148E+01  0.141346E+04  0.135808E+04  0.000000E+00  0.000000E+00  0.000000E+00  0.140497E+04
  0.332737E+01  0.136525E+04  0.131176E+04  0.000000E+00  0.000000E+00  0.000000E+00  0.135705E+04
  0.339458E+01  0.131865E+04  0.126699E+04  0.000000E+00  0.000000E+00  0.000000E+00  0.131074E+04
  0.346316E+01  0.127362E+04  0.122371E+04  0.000000E+00  0.000000E+00  0.000000E+00  0.126597E+04
  0.353312E+01  0.123009E+04  0.118189E+04  0.000000E+00  0.000000E+00  0.000000E+00  0.122271E+04
  0.360449E+01  0.118802E+04  0.114147E+04  0.000000E+00  0.000000E+00  0.000000E+00  0.118089E+04
  0.367731E+01  0.114736E+04  0.110241E+04  0.000000E+00  0.000000E+00  0.000000E+00  0.114048E+04
  0.375159E+01  0.110807E+04  0.106465E+04  0.000000E+00  0.000000E+00  0.000000E+00  0.110142E+04
  0.382738E+01  0.107009E+04  0.102816E+04  0.000000E+00  0.000000E+00  0.000000E+00  0.106367E+04
  0.390470E+01  0.103339E+04  0.992900E+03  0.000000E+00  0.000000E+00  0.000000E+00  0.102719E+04
  0.398358E+01  0.997930E+03  0.958825E+03  0.000000E+00  0.000000E+00  0.000000E+00  0.991940E+03
  0.406405E+01  0.963664E+03  0.925901E+03  0.000000E+00  0.000000E+00  0.000000E+00  0.957879E+03
  0.414615E+01  0.930552E+03  0.894085E+03  0.000000E+00  0.000000E+00  0.000000E+00  0.924966E+03
  0.422991E+01  0.898557E+03  0.863343E+03  0.000000E+00  0.000000E+00  0.000000E+00  0.893163E+03
  0.431536E+01  0.867641E+03  0.833638E+03  0.000000E+00  0.000000E+00  0.000000E+00  0.862432E+03
  0.440254E+01  0.837770E+03  0.804937E+03  0.000000E+00  0.000000E+00  0.000000E+00  0.832741E+03
  0.449148E+01  0.808908E+03  0.777206E+03  0.000000E+00  0.000000E+00  0.000000E+00  0.804052E+03
  0.458221E+01  0.781025E+03  0.750415E+03  0.000000E+00  0.000000E+00  0.000000E+00  0.776336E+03
  0.467478E+01  0.754086E+03  0.724530E+03  0.000000E+00  0.000000E+00  0.000000E+00  0.749558E+03
  0.476921E+01  0.728061E+03  0.699524E+03  0.000000E+00  0.000000E+00  0.000000E+00  0.723690E+03
  0.486556E+01  0.702917E+03  0.675365E+03  0.000000E+00  0.000000E+00  0.000000E+00  0.698697E+03
  0.496384E+01  0.678628E+03  0.652028E+03  0.000000E+00  0.000000E+00  0.000000E+00  0.674554E+03
  0.506412E+01  0.655163E+03  0.629481E+03  0.000000E+00  0.000000E+00  0.000000E+00  0.651229E+03
  0.516642E+01  0.632497E+03  0.607703E+03  0.000000E+00  0.000000E+00  0.000000E+00  0.628699E+03
  0.527079E+01  0.610602E+03  0.586665E+03  0.000000E+00  0.000000E+00  0.000000E+00  0.606935E+03
  0.537727E+01  0.589454E+03  0.566345E+03  0.000000E+00  0.000000E+00  0.000000E+00  0.585914E+03
  0.548590E+01  0.569025E+03  0.546716E+03  0.000000E+00  0.000000E+00  0.000000E+00  0.565607E+03
  0.559672E+01  0.549293E+03  0.527756E+03  0.000000E+00  0.000000E+00  0.000000E+00  0.545994E+03
  0.570978E+01  0.530233E+03  0.509443E+03  0.000000E+00  0.000000E+00  0.000000E+00  0.527048E+03
  0.582512E+01  0.511826E+03  0.491756E+03  0.000000E+00  0.000000E+00  0.000000E+00  0.508752E+03
  0.594280E+01  0.494047E+03  0.474674E+03  0.000000E+00  0.000000E+00  0.000000E+00  0.491080E+03
  0.606285E+01  0.476877E+03  0.458176E+03  0.000000E+00  0.000000E+00  0.000000E+00  0.474013E+03
  0.618533E+01  0.460294E+03  0.442242E+03  0.000000E+00  0.000000E+00  0.000000E+00  0.457529E+03
  0.631029E+01  0.444278E+03  0.426853E+03  0.000000E+00  0.000000E+00  0.000000E+00  0.441609E+03
  0.643776E+01  0.428812E+03  0.411992E+03  0.000000E+00  0.000000E+00  0.000000E+00  0.426236E+03
  0.656782E+01  0.413876E+03  0.397641E+03  0.000000E+00  0.000000E+00  0.000000E+00  0.411389E+03
  0.670049E+01  0.399453E+03  0.383783E+03  0.000000E+00  0.000000E+00  0.000000E+00  0.397053E+03
  0.683585E+01  0.385525E+03  0.370400E+03  0.000000E+00  0.000000E+00  0.000000E+00  0.383208E+03
  0.697394E+01  0.372076E+03  0.357477E+03  0.000000E+00  0.000000E+00  0.000000E+00  0.369839E+03
  0.711483E+01  0.359088E+03  0.344998E+03  0.000000E+00  0.000000E+00  0.000000E+00  0.356930E+03
  0.725855E+01  0.346549E+03  0.332949E+03  0.000000E+00  0.000000E+00  0.000000E+00  0.344465E+03
  0.740519E+01  0.334440E+03  0.321315E+03  0.000000E+00  0.000000E+00  0.000000E+00  0.332429E+03
  0.755478E+01  0.322749E+03  0.310081E+03  0.000000E+00  0.000000E+00  0.000000E+00  0.320809E+03
  0.770740E+01  0.311460E+03  0.299234E+03  0.000000E+00  0.000000E+00  0.000000E+00  0.309587E+03
  0.786310E+01  0.300561E+03  0.288762E+03  0.000000E+00  0.000000E+00  0.000000E+00  0.298754E+03
  0.802195E+01  0.290039E+03  0.278651E+03  0.000000E+00  0.000000E+00  0.000000E+00  0.288294E+03
  0.818400E+01  0.279880E+03  0.268890E+03  0.000000E+00  0.000000E+00  0.000000E+00  0.278196E+03
  0.834933E+01  0.270071E+03  0.259465E+03  0.000000E+00  0.000000E+00  0.000000E+00  0.268447E+03
  0.851799E+01  0.260602E+03  0.250367E+03  0.000000E+00  0.000000E+00  0.000000E+00  0.259034E+03
  0.869007E+01  0.251460E+03  0.241583E+03  0.000000E+00  0.000000E+00  0.000000E+00  0.249947E+03
  0.886562E+01  0.242635E+03  0.233103E+03  0.000000E+00  0.000000E+00  0.000000E+00  0.241175E+03
  0.904472E+01  0.234116E+03  0.224917E+03  0.000000E+00  0.000000E+00  0.000000E+00  0.232707E+03
  0.922743E+01  0.225892E+03  0.217015E+03  0.000000E+00  0.000000E+00  0.000000E+00  0.224532E+03
  0.941384E+01  0.217953E+03  0.209387E+03  0.000000E+00  0.000000E+00  0.000000E+00  0.216641E+03
  0.960401E+01  0.210289E+03  0.202023E+03  0.000000E+00  0.000000E+00  0.000000E+00  0.209023E+03
  0.979803E+01  0.202892E+03  0.194915E+03  0.000000E+00  0.000000E+00  0.000000E+00  0.201670E+03
  0.999595E+01  0.195752E+03  0.188054E+03  0.000000E+00  0.000000E+00  0.000000E+00  0.194573E+03
  0.101979E+02  0.188859E+03  0.181431E+03  0.000000E+00  0.000000E+00  0.000000E+00  0.187721E+03
  0.104039E+02  0.182206E+03  0.175039E+03  0.000000E+00  0.000000E+00  0.000000E+00  0.181108E+03
  0.106141E+02  0.175786E+03  0.168870E+03  0.000000E+00  0.000000E+00  0.000000E+00  0.174726E+03
  0.108285E+02  0.169588E+03  0.162914E+03  0.000000E+00  0.000000E+00  0.000000E+00  0.168566E+03
  0.110472E+02  0.163606E+03  0.157167E+03  0.000000E+00  0.000000E+00  0.000000E+00  0.162620E+03
  0.112704E+02  0.157833E+03  0.151619E+03  0.000000E+00  0.000000E+00  0.000000E+00  0.156881E+03
  0.114981E+02  0.152261E+03  0.146265E+03  0.000000E+00  0.000000E+00  0.000000E+00  0.151343E+03
  0.117304E+02  0.146884E+03  0.141098E+03  0.000000E+00  0.000000E+00  0.000000E+00  0.145997E+03
  0.119673E+02  0.141694E+03  0.136111E+03  0.000000E+00  0.000000E+00  0.000000E+00  0.140839E+03
  0.122091E+02  0.136685E+03  0.131299E+03  0.000000E+00  0.000000E+00  0.000000E+00  0.135860E+03
  0.124557E+02  0.131852E+03  0.126654E+03  0.000000E+00  0.000000E+00  0.000000E+00  0.131056E+03
  0.127074E+02  0.127187E+03  0.122172E+03  0.000000E+00  0.000000E+00  0.000000E+00  0.126419E+03
  0.129641E+02  0.122686E+03  0.117847E+03  0.000000E+00  0.000000E+00  0.000000E+00  0.121944E+03
  0.132260E+02  0.118342E+03  0.113673E+03  0.000000E+00  0.000000E+00  0.000000E+00  0.117626E+03
  0.134931E+02  0.114150E+03  0.109645E+03  0.000000E+00  0.000000E+00  0.000000E+00  0.113460E+03
  0.137657E+02  0.110105E+03  0.105758E+03  0.000000E+00  0.000000E+00  0.000000E+00  0.109439E+03
  0.140438E+02  0.106202E+03  0.102008E+03  0.000000E+00  0.000000E+00  0.000000E+00  0.105559E+03
  0.143275E+02  0.102435E+03  0.983887E+02  0.000000E+00  0.000000E+00  0.000000E+00  0.101815E+03
  0.146169E+02  0.988013E+02  0.948967E+02  0.000000E+00  0.000000E+00  0.000000E+00  0.982031E+02
  0.149122E+02  0.952945E+02  0.915271E+02  0.000000E+00  0.000000E+00  0.000000E+00  0.947174E+02
  0.152135E+02  0.919110E+02  0.882759E+02  0.000000E+00  0.000000E+00  0.000000E+00  0.913542E+02
  0.155208E+02  0.886463E+02  0.851388E+02  0.000000E+00  0.000000E+00  0.000000E+00  0.881090E+02
  0.158343E+02  0.854964E+02  0.821121E+02  0.000000E+00  0.000000E+00  0.000000E+00  0.849780E+02
  0.161542E+02  0.824572E+02  0.791917E+02  0.000000E+00  0.000000E+00  0.000000E+00  0.819569E+02
  0.164805E+02  0.795250E+02  0.763742E+02  0.000000E+00  0.000000E+00  0.000000E+00  0.790424E+02
  0.168135E+02  0.766959E+02  0.736556E+02  0.000000E+00  0.000000E+00  0.000000E+00  0.762302E+02
  0.171531E+02  0.739664E+02  0.710328E+02  0.000000E+00  0.000000E+00  0.000000E+00  0.735170E+02
  0.174996E+02  0.713331E+02  0.685026E+02  0.000000E+00  0.000000E+00  0.000000E+00  0.708995E+02
  0.178532E+02  0.687926E+02  0.660613E+02  0.000000E+00  0.000000E+00  0.000000E+00  0.683742E+02
  0.182138E+02  0.663417E+02  0.637062E+02  0.000000E+00  0.000000E+00  0.000000E+00  0.659380E+02
  0.185818E+02  0.639772E+02  0.614341E+02  0.000000E+00  0.000000E+00  0.000000E+00  0.635877E+02
  0.189571E+02  0.616963E+02  0.592423E+02  0.000000E+00  0.000000E+00  0.000000E+00  0.613203E+02
  0.193401E+02  0.594957E+02  0.571277E+02  0.000000E+00  0.000000E+00  0.000000E+00  0.591330E+02
  0.197308E+02  0.573730E+02  0.550880E+02  0.000000E+00  0.000000E+00  0.000000E+00  0.570229E+02
  0.201294E+02  0.553252E+02  0.531202E+02  0.000000E+00  0.000000E+00  0.000000E+00  0.549874E+02
  0.205360E+02  0.533498E+02  0.512220E+02  0.000000E+00  0.000000E+00  0.000000E+00  0.530239E+02
  0.209509E+02  0.514442E+02  0.493909E+02  0.000000E+00  0.000000E+00  0.000000E+00  0.511297E+02
  0.213741E+02  0.496062E+02  0.476246E+02  0.000000E+00  0.000000E+00  0.000000E+00  0.493026E+02
  0.218059E+02  0.478331E+02  0.459208E+02  0.000000E+00  0.000000E+00  0.000000E+00  0.475401E+02
  0.222464E+02  0.461228E+02  0.442773E+02  0.000000E+00  0.000000E+00  0.000000E+00  0.458401E+02
  0.226958E+02  0.444731E+02  0.426920E+02  0.000000E+00  0.000000E+00  0.000000E+00  0.442003E+02
  0.231543E+02  0.428819E+02  0.411629E+02  0.000000E+00  0.000000E+00  0.000000E+00  0.426186E+02
  0.236221E+02  0.413470E+02  0.396880E+02  0.000000E+00  0.000000E+00  0.000000E+00  0.410929E+02
  0.240992E+02  0.398667E+02  0.382655E+02  0.000000E+00  0.000000E+00  0.000000E+00  0.396214E+02
  0.245861E+02  0.384387E+02  0.368933E+02  0.000000E+00  0.000000E+00  0.000000E+00  0.382020E+02
  0.250828E+02  0.370616E+02  0.355699E+02  0.000000E+00  0.000000E+00  0.000000E+00  0.368331E+02
  0.255895E+02  0.357332E+02  0.342934E+02  0.000000E+00  0.000000E+00  0.000000E+00  0.355127E+02
  0.261064E+02  0.344522E+02  0.330623E+02  0.000000E+00  0.000000E+00  0.000000E+00  0.342393E+02
  0.266338E+02  0.332165E+02  0.318749E+02  0.000000E+00  0.000000E+00  0.000000E+00  0.330110E+02
  0.271718E+02  0.320249E+02  0.307298E+02  0.000000E+00  0.000000E+00  0.000000E+00  0.318265E+02
  0.277207E+02  0.308756E+02  0.296253E+02  0.000000E+00  0.000000E+00  0.000000E+00  0.306840E+02
  0.282807E+02  0.297672E+02  0.285601E+02  0.000000E+00  0.000000E+00  0.000000E+00  0.295823E+02
  0.288520E+02  0.286982E+02  0.275328E+02  0.000000E+00  0.000000E+00  0.000000E+00  0.285196E+02
  0.294349E+02  0.276672E+02  0.265421E+02  0.000000E+00  0.000000E+00  0.000000E+00  0.274949E+02
  0.300295E+02  0.266730E+02  0.255867E+02  0.000000E+00  0.000000E+00  0.000000E+00  0.265066E+02
  0.306362E+02  0.257142E+02  0.246652E+02  0.000000E+00  0.000000E+00  0.000000E+00  0.255535E+02
  0.312550E+02  0.247896E+02  0.237767E+02  0.000000E+00  0.000000E+00  0.000000E+00  0.246345E+02
  0.318865E+02  0.238980E+02  0.229198E+02  0.000000E+00  0.000000E+00  0.000000E+00  0.237481E+02
  0.325306E+02  0.230381E+02  0.220935E+02  0.000000E+00  0.000000E+00  0.000000E+00  0.228934E+02
  0.331878E+02  0.222089E+02  0.212966E+02  0.000000E+00  0.000000E+00  0.000000E+00  0.220692E+02
  0.338582E+02  0.214094E+02  0.205282E+02  0.000000E+00  0.000000E+00  0.000000E+00  0.212744E+02
  0.345422E+02  0.206383E+02  0.197871E+02  0.000000E+00  0.000000E+00  0.000000E+00  0.205079E+02
  0.352400E+02  0.198948E+02  0.190726E+02  0.000000E+00  0.000000E+00  0.000000E+00  0.197689E+02
  0.359519E+02  0.191779E+02  0.183836E+02  0.000000E+00  0.000000E+00  0.000000E+00  0.190562E+02
  0.366781E+02  0.184866E+02  0.177192E+02  0.000000E+00  0.000000E+00  0.000000E+00  0.183690E+02
  0.374191E+02  0.178199E+02  0.170785E+02  0.000000E+00  0.000000E+00  0.000000E+00  0.177064E+02
  0.381750E+02  0.171772E+02  0.164608E+02  0.000000E+00  0.000000E+00  0.000000E+00  0.170674E+02
  0.389462E+02  0.165574E+02  0.158651E+02  0.000000E+00  0.000000E+00  0.000000E+00  0.164514E+02
  0.397329E+02  0.159598E+02  0.152908E+02  0.000000E+00  0.000000E+00  0.000000E+00  0.158573E+02
  0.405356E+02  0.153836E+02  0.147370E+02  0.000000E+00  0.000000E+00  0.000000E+00  0.152846E+02
  0.413545E+02  0.148281E+02  0.142030E+02  0.000000E+00  0.000000E+00  0.000000E+00  0.147323E+02
  0.421899E+02  0.142924E+02  0.136882E+02  0.000000E+00  0.000000E+00  0.000000E+00  0.141998E+02
  0.430422E+02  0.137759E+02  0.131918E+02  0.000000E+00  0.000000E+00  0.000000E+00  0.136864E+02
  0.439117E+02  0.132779E+02  0.127132E+02  0.000000E+00  0.000000E+00  0.000000E+00  0.131914E+02
  0.447988E+02  0.127978E+02  0.122517E+02  0.000000E+00  0.000000E+00  0.000000E+00  0.127142E+02
  0.457038E+02  0.123350E+02  0.118068E+02  0.000000E+00  0.000000E+00  0.000000E+00  0.122540E+02
  0.466270E+02  0.118887E+02  0.113779E+02  0.000000E+00  0.000000E+00  0.000000E+00  0.118104E+02
  0.475690E+02  0.114584E+02  0.109643E+02  0.000000E+00  0.000000E+00  0.000000E+00  0.113827E+02
  0.485300E+02  0.110436E+02  0.105656E+02  0.000000E+00  0.000000E+00  0.000000E+00  0.109704E+02
  0.495103E+02  0.106437E+02  0.101812E+02  0.000000E+00  0.000000E+00  0.000000E+00  0.105728E+02
  0.505105E+02  0.102581E+02  0.981056E+01  0.000000E+00  0.000000E+00  0.000000E+00  0.101896E+02
  0.515309E+02  0.988642E+01  0.945328E+01  0.000000E+00  0.000000E+00  0.000000E+00  0.982007E+01
  0.525719E+02  0.952807E+01  0.910882E+01  0.000000E+00  0.000000E+00  0.000000E+00  0.946385E+01
  0.536339E+02  0.918262E+01  0.877676E+01  0.000000E+00  0.000000E+00  0.000000E+00  0.912045E+01
  0.547174E+02  0.884958E+01  0.845662E+01  0.000000E+00  0.000000E+00  0.000000E+00  0.878938E+01
  0.558227E+02  0.852853E+01  0.814801E+01  0.000000E+00  0.000000E+00  0.000000E+00  0.847024E+01
  0.569504E+02  0.821903E+01  0.785048E+01  0.000000E+00  0.000000E+00  0.000000E+00  0.816257E+01
  0.581009E+02  0.792068E+01  0.756367E+01  0.000000E+00  0.000000E+00  0.000000E+00  0.786599E+01
  0.592746E+02  0.763306E+01  0.728718E+01  0.000000E+00  0.000000E+00  0.000000E+00  0.758007E+01
  0.604720E+02  0.735581E+01  0.702065E+01  0.000000E+00  0.000000E+00  0.000000E+00  0.730447E+01
  0.616937E+02  0.708853E+01  0.676370E+01  0.000000E+00  0.000000E+00  0.000000E+00  0.703877E+01
  0.629399E+02  0.683090E+01  0.651603E+01  0.000000E+00  0.000000E+00  0.000000E+00  0.678267E+01
  0.642114E+02  0.658255E+01  0.627726E+01  0.000000E+00  0.000000E+00  0.000000E+00  0.653578E+01
  0.655085E+02  0.634316E+01  0.604712E+01  0.000000E+00  0.000000E+00  0.000000E+00  0.629781E+01
  0.668319E+02  0.611240E+01  0.582526E+01  0.000000E+00  0.000000E+00  0.000000E+00  0.606841E+01
  0.681820E+02  0.588997E+01  0.561141E+01  0.000000E+00  0.000000E+00  0.000000E+00  0.584730E+01
  0.695594E+02  0.567555E+01  0.540526E+01  0.000000E+00  0.000000E+00  0.000000E+00  0.563415E+01
  0.709645E+02  0.546889E+01  0.520656E+01  0.000000E+00  0.000000E+00  0.000000E+00  0.542871E+01
  0.723982E+02  0.526968E+01  0.501502E+01  0.000000E+00  0.000000E+00  0.000000E+00  0.523067E+01
  0.738607E+02  0.507767E+01  0.483040E+01  0.000000E+00  0.000000E+00  0.000000E+00  0.503980E+01
  0.753528E+02  0.489259E+01  0.465245E+01  0.000000E+00  0.000000E+00  0.000000E+00  0.485581E+01
  0.768750E+02  0.471421E+01  0.448092E+01  0.000000E+00  0.000000E+00  0.000000E+00  0.467848E+01
  0.784280E+02  0.454227E+01  0.431559E+01  0.000000E+00  0.000000E+00  0.000000E+00  0.450754E+01
  0.800124E+02  0.437654E+01  0.415623E+01  0.000000E+00  0.000000E+00  0.000000E+00  0.434279E+01
  0.816287E+02  0.421681E+01  0.400264E+01  0.000000E+00  0.000000E+00  0.000000E+00  0.418401E+01
  0.832777E+02  0.406286E+01  0.385459E+01  0.000000E+00  0.000000E+00  0.000000E+00  0.403096E+01
  0.849600E+02  0.391448E+01  0.371191E+01  0.000000E+00  0.000000E+00  0.000000E+00  0.388345E+01
  0.866764E+02  0.377147E+01  0.357437E+01  0.000000E+00  0.000000E+00  0.000000E+00  0.374128E+01
  0.884273E+02  0.363364E+01  0.344183E+01  0.000000E+00  0.000000E+00  0.000000E+00  0.360425E+01
  0.902137E+02  0.350079E+01  0.331407E+01  0.000000E+00  0.000000E+00  0.000000E+00  0.347219E+01
  0.920362E+02  0.337275E+01  0.319093E+01  0.000000E+00  0.000000E+00  0.000000E+00  0.334490E+01
  0.938953E+02  0.324937E+01  0.307227E+01  0.000000E+00  0.000000E+00  0.000000E+00  0.322224E+01
  0.957921E+02  0.313044E+01  0.295789E+01  0.000000E+00  0.000000E+00  0.000000E+00  0.310401E+01
  0.977273E+02  0.301583E+01  0.284766E+01  0.000000E+00  0.000000E+00  0.000000E+00  0.299007E+01
  0.997016E+02  0.290537E+01  0.274142E+01  0.000000E+00  0.000000E+00  0.000000E+00  0.288026E+01
  0.101716E+03  0.279893E+01  0.263905E+01  0.000000E+00  0.000000E+00  0.000000E+00  0.277444E+01
  0.103770E+03  0.269633E+01  0.254037E+01  0.000000E+00  0.000000E+00  0.000000E+00  0.267244E+01
  0.105867E+03  0.259746E+01  0.244527E+01  0.000000E+00  0.000000E+00  0.000000E+00  0.257415E+01
  0.108005E+03  0.250218E+01  0.235363E+01  0.000000E+00  0.000000E+00  0.000000E+00  0.247943E+01
  0.110187E+03  0.241037E+01  0.226531E+01  0.000000E+00  0.000000E+00  0.000000E+00  0.238815E+01
  0.112413E+03  0.232188E+01  0.218020E+01  0.000000E+00  0.000000E+00  0.000000E+00  0.230018E+01
  0.114684E+03  0.223660E+01  0.209817E+01  0.000000E+00  0.000000E+00  0.000000E+00  0.221540E+01
  0.117001E+03  0.215442E+01  0.201912E+01  0.000000E+00  0.000000E+00  0.000000E+00  0.213370E+01
  0.119364E+03  0.207524E+01  0.194296E+01  0.000000E+00  0.000000E+00  0.000000E+00  0.205498E+01
  0.121776E+03  0.199893E+01  0.186955E+01  0.000000E+00  0.000000E+00  0.000000E+00  0.197911E+01
  0.124236E+03  0.192538E+01  0.179881E+01  0.000000E+00  0.000000E+00  0.000000E+00  0.190600E+01
  0.126746E+03  0.185452E+01  0.173064E+01  0.000000E+00  0.000000E+00  0.000000E+00  0.183554E+01
  0.129306E+03  0.178624E+01  0.166496E+01  0.000000E+00  0.000000E+00  0.000000E+00  0.176766E+01
  0.131918E+03  0.172043E+01  0.160166E+01  0.000000E+00  0.000000E+00  0.000000E+00  0.170224E+01
  0.134583E+03  0.165702E+01  0.154067E+01  0.000000E+00  0.000000E+00  0.000000E+00  0.163920E+01
  0.137302E+03  0.159592E+01  0.148190E+01  0.000000E+00  0.000000E+00  0.000000E+00  0.157845E+01
  0.140076E+03  0.153704E+01  0.142527E+01  0.000000E+00  0.000000E+00  0.000000E+00  0.151992E+01
  0.142905E+03  0.148031E+01  0.137071E+01  0.000000E+00  0.000000E+00  0.000000E+00  0.146352E+01
  0.145792E+03  0.142564E+01  0.131813E+01  0.000000E+00  0.000000E+00  0.000000E+00  0.140917E+01
  0.148737E+03  0.137297E+01  0.126747E+01  0.000000E+00  0.000000E+00  0.000000E+00  0.135680E+01
  0.151742E+03  0.132221E+01  0.121865E+01  0.000000E+00  0.000000E+00  0.000000E+00  0.130634E+01
  0.154807E+03  0.127331E+01  0.117163E+01  0.000000E+00  0.000000E+00  0.000000E+00  0.125773E+01
  0.157935E+03  0.122618E+01  0.112631E+01  0.000000E+00  0.000000E+00  0.000000E+00  0.121088E+01
  0.161125E+03  0.118077E+01  0.108266E+01  0.000000E+00  0.000000E+00  0.000000E+00  0.116574E+01
  0.164380E+03  0.113703E+01  0.104059E+01  0.000000E+00  0.000000E+00  0.000000E+00  0.112225E+01
  0.167701E+03  0.109488E+01  0.100008E+01  0.000000E+00  0.000000E+00  0.000000E+00  0.108035E+01
  0.171088E+03  0.105426E+01  0.961037E+00  0.000000E+00  0.000000E+00  0.000000E+00  0.103998E+01
  0.174545E+03  0.101513E+01  0.923427E+00  0.000000E+00  0.000000E+00  0.000000E+00  0.100108E+01
  0.178071E+03  0.977424E+00  0.887196E+00  0.000000E+00  0.000000E+00  0.000000E+00  0.963602E+00
  0.181668E+03  0.941101E+00  0.852297E+00  0.000000E+00  0.000000E+00  0.000000E+00  0.927497E+00
  0.185338E+03  0.906101E+00  0.818676E+00  0.000000E+00  0.000000E+00  0.000000E+00  0.892709E+00
  0.189082E+03  0.872380E+00  0.786290E+00  0.000000E+00  0.000000E+00  0.000000E+00  0.859193E+00
  0.192902E+03  0.839892E+00  0.755095E+00  0.000000E+00  0.000000E+00  0.000000E+00  0.826902E+00
  0.196798E+03  0.808595E+00  0.725050E+00  0.000000E+00  0.000000E+00  0.000000E+00  0.795797E+00
  0.200774E+03  0.778440E+00  0.696110E+00  0.000000E+00  0.000000E+00  0.000000E+00  0.765828E+00
  0.204830E+03  0.749388E+00  0.668236E+00  0.000000E+00  0.000000E+00  0.000000E+00  0.736957E+00
  0.208968E+03  0.721399E+00  0.641392E+00  0.000000E+00  0.000000E+00  0.000000E+00  0.709143E+00
  0.213189E+03  0.694437E+00  0.615542E+00  0.000000E+00  0.000000E+00  0.000000E+00  0.682352E+00
  0.217496E+03  0.668461E+00  0.590646E+00  0.000000E+00  0.000000E+00  0.000000E+00  0.656541E+00
  0.221890E+03  0.643436E+00  0.566672E+00  0.000000E+00  0.000000E+00  0.000000E+00  0.631677E+00
  0.226372E+03  0.619328E+00  0.543588E+00  0.000000E+00  0.000000E+00  0.000000E+00  0.607726E+00
  0.230945E+03  0.596104E+00  0.521362E+00  0.000000E+00  0.000000E+00  0.000000E+00  0.584655E+00
  0.235611E+03  0.573734E+00  0.499965E+00  0.000000E+00  0.000000E+00  0.000000E+00  0.562434E+00
  0.240370E+03  0.552183E+00  0.479364E+00  0.000000E+00  0.000000E+00  0.000000E+00  0.541028E+00
  0.245226E+03  0.531423E+00  0.459532E+00  0.000000E+00  0.000000E+00  0.000000E+00  0.520411E+00
  0.250180E+03  0.511425E+00  0.440443E+00  0.000000E+00  0.000000E+00  0.000000E+00  0.500552E+00
  0.255234E+03  0.492164E+00  0.422070E+00  0.000000E+00  0.000000E+00  0.000000E+00  0.481427E+00
  0.260390E+03  0.473609E+00  0.404387E+00  0.000000E+00  0.000000E+00  0.000000E+00  0.463006E+00
  0.265650E+03  0.455737E+00  0.387369E+00  0.000000E+00  0.000000E+00  0.000000E+00  0.445264E+00
  0.271017E+03  0.438522E+00  0.370994E+00  0.000000E+00  0.000000E+00  0.000000E+00  0.428178E+00
  0.276492E+03  0.421942E+00  0.355241E+00  0.000000E+00  0.000000E+00  0.000000E+00  0.411725E+00
  0.282077E+03  0.405972E+00  0.340084E+00  0.000000E+00  0.000000E+00  0.000000E+00  0.395879E+00
  0.287776E+03  0.390590E+00  0.325504E+00  0.000000E+00  0.000000E+00  0.000000E+00  0.380620E+00
  0.293589E+03  0.375776E+00  0.311481E+00  0.000000E+00  0.000000E+00  0.000000E+00  0.365927E+00
  0.299520E+03  0.361509E+00  0.297996E+00  0.000000E+00  0.000000E+00  0.000000E+00  0.351780E+00
  0.305570E+03  0.347769E+00  0.285028E+00  0.000000E+00  0.000000E+00  0.000000E+00  0.338158E+00
  0.311744E+03  0.334536E+00  0.272561E+00  0.000000E+00  0.000000E+00  0.000000E+00  0.325042E+00
  0.318041E+03  0.321792E+00  0.260577E+00  0.000000E+00  0.000000E+00  0.000000E+00  0.312415E+00
  0.324466E+03  0.309521E+00  0.249061E+00  0.000000E+00  0.000000E+00  0.000000E+00  0.300260E+00
  0.331021E+03  0.297704E+00  0.237993E+00  0.000000E+00  0.000000E+00  0.000000E+00  0.288557E+00
  0.337708E+03  0.286325E+00  0.227359E+00  0.000000E+00  0.000000E+00  0.000000E+00  0.277293E+00
  0.344530E+03  0.275369E+00  0.217145E+00  0.000000E+00  0.000000E+00  0.000000E+00  0.266450E+00
  0.351490E+03  0.264820E+00  0.207336E+00  0.000000E+00  0.000000E+00  0.000000E+00  0.256014E+00
  0.358590E+03  0.254662E+00  0.197918E+00  0.000000E+00  0.000000E+00  0.000000E+00  0.245970E+00
  0.365834E+03  0.244883E+00  0.188876E+00  0.000000E+00  0.000000E+00  0.000000E+00  0.236304E+00
  0.373225E+03  0.235468E+00  0.180199E+00  0.000000E+00  0.000000E+00  0.000000E+00  0.227002E+00
  0.380765E+03  0.226405E+00  0.171874E+00  0.000000E+00  0.000000E+00  0.000000E+00  0.218051E+00
  0.388456E+03  0.217681E+00  0.163889E+00  0.000000E+00  0.000000E+00  0.000000E+00  0.209441E+00
  0.396304E+03  0.209282E+00  0.156231E+00  0.000000E+00  0.000000E+00  0.000000E+00  0.201155E+00
  0.404310E+03  0.201198E+00  0.148889E+00  0.000000E+00  0.000000E+00  0.000000E+00  0.193185E+00
  0.412477E+03  0.193417E+00  0.141853E+00  0.000000E+00  0.000000E+00  0.000000E+00  0.185518E+00
  0.420809E+03  0.185929E+00  0.135113E+00  0.000000E+00  0.000000E+00  0.000000E+00  0.178145E+00
  0.429311E+03  0.178723E+00  0.128657E+00  0.000000E+00  0.000000E+00  0.000000E+00  0.171053E+00
  0.437983E+03  0.171787E+00  0.122476E+00  0.000000E+00  0.000000E+00  0.000000E+00  0.164233E+00
  0.446832E+03  0.165114E+00  0.116560E+00  0.000000E+00  0.000000E+00  0.000000E+00  0.157676E+00
  0.455857E+03  0.158693E+00  0.110900E+00  0.000000E+00  0.000000E+00  0.000000E+00  0.151372E+00
  0.465067E+03  0.152515E+00  0.105487E+00  0.000000E+00  0.000000E+00  0.000000E+00  0.145311E+00
  0.474462E+03  0.146571E+00  0.100312E+00  0.000000E+00  0.000000E+00  0.000000E+00  0.139485E+00
  0.484047E+03  0.140854E+00  0.953668E-01  0.000000E+00  0.000000E+00  0.000000E+00  0.133886E+00
  0.493824E+03  0.135354E+00  0.906433E-01  0.000000E+00  0.000000E+00  0.000000E+00  0.128505E+00
  0.503801E+03  0.130064E+00  0.861327E-01  0.000000E+00  0.000000E+00  0.000000E+00  0.123335E+00
  0.513978E+03  0.124976E+00  0.818277E-01  0.000000E+00  0.000000E+00  0.000000E+00  0.118367E+00
  0.524362E+03  0.120084E+00  0.777205E-01  0.000000E+00  0.000000E+00  0.000000E+00  0.113594E+00
  0.534954E+03  0.115379E+00  0.738042E-01  0.000000E+00  0.000000E+00  0.000000E+00  0.109011E+00
  0.545761E+03  0.110855E+00  0.700708E-01  0.000000E+00  0.000000E+00  0.000000E+00  0.104608E+00
  0.556786E+03  0.106506E+00  0.665136E-01  0.000000E+00  0.000000E+00  0.000000E+00  0.100380E+00
  0.568034E+03  0.102325E+00  0.631257E-01  0.000000E+00  0.000000E+00  0.000000E+00  0.963202E-01
  0.579508E+03  0.983061E-01  0.599007E-01  0.000000E+00  0.000000E+00  0.000000E+00  0.924230E-01
  0.591215E+03  0.944429E-01  0.568314E-01  0.000000E+00  0.000000E+00  0.000000E+00  0.886814E-01
  0.603159E+03  0.907301E-01  0.539117E-01  0.000000E+00  0.000000E+00  0.000000E+00  0.850901E-01
  0.615344E+03  0.871621E-01  0.511353E-01  0.000000E+00  0.000000E+00  0.000000E+00  0.816434E-01
  0.627775E+03  0.837335E-01  0.484962E-01  0.000000E+00  0.000000E+00  0.000000E+00  0.783357E-01
  0.640456E+03  0.804396E-01  0.459885E-01  0.000000E+00  0.000000E+00  0.000000E+00  0.751622E-01
  0.653394E+03  0.772747E-01  0.436060E-01  0.000000E+00  0.000000E+00  0.000000E+00  0.721172E-01
  0.666594E+03  0.742342E-01  0.413432E-01  0.000000E+00  0.000000E+00  0.000000E+00  0.691958E-01
  0.680060E+03  0.713136E-01  0.391946E-01  0.000000E+00  0.000000E+00  0.000000E+00  0.663934E-01
  0.693798E+03  0.685085E-01  0.371549E-01  0.000000E+00  0.000000E+00  0.000000E+00  0.637056E-01
  0.707814E+03  0.658141E-01  0.352185E-01  0.000000E+00  0.000000E+00  0.000000E+00  0.611273E-01
  0.722113E+03  0.632264E-01  0.333806E-01  0.000000E+00  0.000000E+00  0.000000E+00  0.586545E-01
  0.736701E+03  0.607414E-01  0.316362E-01  0.000000E+00  0.000000E+00  0.000000E+00  0.562829E-01
  0.751582E+03  0.583553E-01  0.299807E-01  0.000000E+00  0.000000E+00  0.000000E+00  0.540088E-01
  0.766765E+03  0.560639E-01  0.284092E-01  0.000000E+00  0.000000E+00  0.000000E+00  0.518276E-01
  0.782255E+03  0.538636E-01  0.269174E-01  0.000000E+00  0.000000E+00  0.000000E+00  0.497359E-01
  0.798058E+03  0.517510E-01  0.255010E-01  0.000000E+00  0.000000E+00  0.000000E+00  0.477300E-01
  0.814179E+03  0.497229E-01  0.241563E-01  0.000000E+00  0.000000E+00  0.000000E+00  0.458065E-01
  0.830627E+03  0.477753E-01  0.228789E-01  0.000000E+00  0.000000E+00  0.000000E+00  0.439616E-01
  0.847407E+03  0.459055E-01  0.216655E-01  0.000000E+00  0.000000E+00  0.000000E+00  0.421923E-01
  0.864526E+03  0.441102E-01  0.205126E-01  0.000000E+00  0.000000E+00  0.000000E+00  0.404954E-01
  0.881989E+03  0.423866E-01  0.194170E-01  0.000000E+00  0.000000E+00  0.000000E+00  0.388680E-01
  0.899807E+03  0.407315E-01  0.183755E-01  0.000000E+00  0.000000E+00  0.000000E+00  0.373069E-01
  0.917985E+03  0.391424E-01  0.173852E-01  0.000000E+00  0.000000E+00  0.000000E+00  0.358095E-01
  0.936530E+03  0.376165E-01  0.164437E-01  0.000000E+00  0.000000E+00  0.000000E+00  0.343731E-01
  0.955448E+03  0.361513E-01  0.155485E-01  0.000000E+00  0.000000E+00  0.000000E+00  0.329953E-01
  0.974749E+03  0.347442E-01  0.146972E-01  0.000000E+00  0.000000E+00  0.000000E+00  0.316733E-01
  0.994441E+03  0.333929E-01  0.138878E-01  0.000000E+00  0.000000E+00  0.000000E+00  0.304050E-01
  0.101453E+04  0.320951E-01  0.131184E-01  0.000000E+00  0.000000E+00  0.000000E+00  0.291882E-01
