    0.10000E-03    0.71915E+01
    0.10202E-03    0.73309E+01
    0.10408E-03    0.74729E+01
    0.10618E-03    0.76178E+01
    0.10833E-03    0.77654E+01
    0.11052E-03    0.79159E+01
    0.11275E-03    0.80693E+01
    0.11503E-03    0.82256E+01
    0.11735E-03    0.83850E+01
    0.11972E-03    0.85475E+01
    0.12214E-03    0.87131E+01
    0.12461E-03    0.88819E+01
    0.12712E-03    0.90540E+01
    0.12969E-03    0.92295E+01
    0.13231E-03    0.94083E+01
    0.13499E-03    0.95905E+01
    0.13771E-03    0.97764E+01
    0.14049E-03    0.99658E+01
    0.14333E-03    0.10159E+02
    0.14623E-03    0.10356E+02
    0.14918E-03    0.10556E+02
    0.15220E-03    0.10761E+02
    0.15527E-03    0.10969E+02
    0.15841E-03    0.11182E+02
    0.16161E-03    0.11398E+02
    0.16487E-03    0.11619E+02
    0.16820E-03    0.11844E+02
    0.17160E-03    0.12073E+02
    0.17507E-03    0.12307E+02
    0.17860E-03    0.12546E+02
    0.18221E-03    0.12789E+02
    0.18589E-03    0.13036E+02
    0.18965E-03    0.13289E+02
    0.19348E-03    0.13546E+02
    0.19739E-03    0.13808E+02
    0.20138E-03    0.14076E+02
    0.20544E-03    0.14348E+02
    0.20959E-03    0.14626E+02
    0.21383E-03    0.14909E+02
    0.21815E-03    0.15198E+02
    0.22255E-03    0.15492E+02
    0.22705E-03    0.15792E+02
    0.23164E-03    0.16097E+02
    0.23632E-03    0.16409E+02
    0.24109E-03    0.16726E+02
    0.24596E-03    0.17050E+02
    0.25093E-03    0.17380E+02
    0.25600E-03    0.17716E+02
    0.26117E-03    0.18059E+02
    0.26645E-03    0.18408E+02
    0.27183E-03    0.18764E+02
    0.27732E-03    0.19127E+02
    0.28292E-03    0.19497E+02
    0.28864E-03    0.19874E+02
    0.29447E-03    0.20258E+02
    0.30042E-03    0.20650E+02
    0.30649E-03    0.21049E+02
    0.31268E-03    0.21456E+02
    0.31899E-03    0.21870E+02
    0.32544E-03    0.22293E+02
    0.33201E-03    0.22724E+02
    0.33872E-03    0.23163E+02
    0.34556E-03    0.23610E+02
    0.35254E-03    0.24066E+02
    0.35966E-03    0.24531E+02
    0.36693E-03    0.25004E+02
    0.37434E-03    0.25487E+02
    0.38190E-03    0.25979E+02
    0.38962E-03    0.26480E+02
    0.39749E-03    0.26991E+02
    0.40552E-03    0.27512E+02
    0.41371E-03    0.28042E+02
    0.42207E-03    0.28583E+02
    0.43060E-03    0.29134E+02
    0.43929E-03    0.29695E+02
    0.44817E-03    0.30267E+02
    0.45722E-03    0.30850E+02
    0.46646E-03    0.31445E+02
    0.47588E-03    0.32050E+02
    0.48550E-03    0.32667E+02
    0.49530E-03    0.33295E+02
    0.50531E-03    0.33936E+02
    0.51552E-03    0.34588E+02
    0.52593E-03    0.35253E+02
    0.53656E-03    0.35931E+02
    0.54739E-03    0.36621E+02
    0.55845E-03    0.37324E+02
    0.56973E-03    0.38041E+02
    0.58124E-03    0.38771E+02
    0.59299E-03    0.39515E+02
    0.60496E-03    0.40272E+02
    0.61719E-03    0.41044E+02
    0.62965E-03    0.41830E+02
    0.64237E-03    0.42631E+02
    0.65535E-03    0.43447E+02
    0.66859E-03    0.44278E+02
    0.68210E-03    0.45125E+02
    0.69588E-03    0.45987E+02
    0.70993E-03    0.46865E+02
    0.72427E-03    0.47759E+02
    0.73891E-03    0.48671E+02
    0.75383E-03    0.49598E+02
    0.76906E-03    0.50543E+02
    0.78460E-03    0.51505E+02
    0.80045E-03    0.52485E+02
    0.81662E-03    0.53483E+02
    0.83311E-03    0.54499E+02
    0.84994E-03    0.55533E+02
    0.86711E-03    0.56586E+02
    0.88463E-03    0.57658E+02
    0.90250E-03    0.58750E+02
    0.92073E-03    0.59861E+02
    0.93933E-03    0.60992E+02
    0.95831E-03    0.62143E+02
    0.97767E-03    0.63315E+02
    0.99742E-03    0.64508E+02
    0.10176E-02    0.65722E+02
    0.10381E-02    0.66958E+02
    0.10591E-02    0.68215E+02
    0.10805E-02    0.69494E+02
    0.11023E-02    0.70796E+02
    0.11246E-02    0.72120E+02
    0.11473E-02    0.73467E+02
    0.11705E-02    0.74838E+02
    0.11941E-02    0.76232E+02
    0.12182E-02    0.77650E+02
    0.12429E-02    0.79092E+02
    0.12680E-02    0.80559E+02
    0.12936E-02    0.82051E+02
    0.13197E-02    0.83567E+02
    0.13464E-02    0.85109E+02
    0.13736E-02    0.86677E+02
    0.14013E-02    0.88271E+02
    0.14296E-02    0.89891E+02
    0.14585E-02    0.91537E+02
    0.14880E-02    0.93211E+02
    0.15180E-02    0.94911E+02
    0.15487E-02    0.96639E+02
    0.15800E-02    0.98395E+02
    0.16119E-02    0.10018E+03
    0.16445E-02    0.10199E+03
    0.16777E-02    0.10383E+03
    0.17116E-02    0.10570E+03
    0.17462E-02    0.10760E+03
    0.17814E-02    0.10952E+03
    0.18174E-02    0.11148E+03
    0.18541E-02    0.11346E+03
    0.18916E-02    0.11548E+03
    0.19298E-02    0.11753E+03
    0.19688E-02    0.11960E+03
    0.20086E-02    0.12171E+03
    0.20491E-02    0.12384E+03
    0.20905E-02    0.12601E+03
    0.21328E-02    0.12821E+03
    0.21758E-02    0.13044E+03
    0.22198E-02    0.13270E+03
    0.22646E-02    0.13499E+03
    0.23104E-02    0.13731E+03
    0.23571E-02    0.13967E+03
    0.24047E-02    0.14206E+03
    0.24533E-02    0.14447E+03
    0.25028E-02    0.14692E+03
    0.25534E-02    0.14941E+03
    0.26050E-02    0.15192E+03
    0.26576E-02    0.15447E+03
    0.27113E-02    0.15704E+03
    0.27660E-02    0.15965E+03
    0.28219E-02    0.16229E+03
    0.28789E-02    0.16497E+03
    0.29371E-02    0.16767E+03
    0.29964E-02    0.17041E+03
    0.30569E-02    0.17317E+03
    0.31187E-02    0.17597E+03
    0.31817E-02    0.17880E+03
    0.32460E-02    0.18166E+03
    0.33115E-02    0.18455E+03
    0.33784E-02    0.18747E+03
    0.34467E-02    0.19042E+03
    0.35163E-02    0.19340E+03
    0.35874E-02    0.19641E+03
    0.36598E-02    0.19945E+03
    0.37338E-02    0.20252E+03
    0.38092E-02    0.20561E+03
    0.38861E-02    0.20873E+03
    0.39646E-02    0.21188E+03
    0.40447E-02    0.21505E+03
    0.41264E-02    0.21825E+03
    0.42098E-02    0.22147E+03
    0.42948E-02    0.22472E+03
    0.43816E-02    0.22799E+03
    0.44701E-02    0.23128E+03
    0.45604E-02    0.23460E+03
    0.46525E-02    0.23793E+03
    0.47465E-02    0.24128E+03
    0.48424E-02    0.24465E+03
    0.49402E-02    0.24804E+03
    0.50400E-02    0.25145E+03
    0.51419E-02    0.25487E+03
    0.52457E-02    0.25830E+03
    0.53517E-02    0.26174E+03
    0.54598E-02    0.26520E+03
    0.55701E-02    0.26866E+03
    0.56826E-02    0.27214E+03
    0.57974E-02    0.27562E+03
    0.59145E-02    0.27910E+03
    0.60340E-02    0.28259E+03
    0.61559E-02    0.28608E+03
    0.62803E-02    0.28956E+03
    0.64072E-02    0.29305E+03
    0.65366E-02    0.29653E+03
    0.66686E-02    0.30000E+03
    0.68033E-02    0.30347E+03
    0.69408E-02    0.30692E+03
    0.70810E-02    0.31036E+03
    0.72240E-02    0.31378E+03
    0.73700E-02    0.31719E+03
    0.75189E-02    0.32058E+03
    0.76708E-02    0.32394E+03
    0.78257E-02    0.32727E+03
    0.79838E-02    0.33058E+03
    0.81451E-02    0.33385E+03
    0.83096E-02    0.33711E+03
    0.84775E-02    0.34033E+03
    0.86488E-02    0.34350E+03
    0.88235E-02    0.34663E+03
    0.90017E-02    0.34971E+03
    0.91836E-02    0.35275E+03
    0.93691E-02    0.35573E+03
    0.95583E-02    0.35865E+03
    0.97514E-02    0.36152E+03
    0.99484E-02    0.36432E+03
    0.10149E-01    0.36706E+03
    0.10354E-01    0.36971E+03
    0.10564E-01    0.37232E+03
    0.10777E-01    0.37475E+03
    0.10995E-01    0.37703E+03
    0.11217E-01    0.37938E+03
    0.11443E-01    0.38160E+03
    0.11675E-01    0.38374E+03
    0.11910E-01    0.38578E+03
    0.12151E-01    0.38772E+03
    0.12397E-01    0.38954E+03
    0.12647E-01    0.39126E+03
    0.12902E-01    0.39284E+03
    0.13163E-01    0.39438E+03
    0.13429E-01    0.39586E+03
    0.13700E-01    0.39706E+03
    0.13977E-01    0.39816E+03
    0.14259E-01    0.39912E+03
    0.14547E-01    0.39993E+03
    0.14841E-01    0.40059E+03
    0.15141E-01    0.40112E+03
    0.15447E-01    0.40145E+03
    0.15759E-01    0.40160E+03
    0.16077E-01    0.40165E+03
    0.16402E-01    0.40152E+03
    0.16734E-01    0.40122E+03
    0.17072E-01    0.40074E+03
    0.17416E-01    0.40009E+03
    0.17768E-01    0.39927E+03
    0.18127E-01    0.39827E+03
    0.18493E-01    0.39708E+03
    0.18867E-01    0.39570E+03
    0.19248E-01    0.39414E+03
    0.19637E-01    0.39239E+03
    0.20034E-01    0.39045E+03
    0.20438E-01    0.38833E+03
    0.20851E-01    0.38601E+03
    0.21272E-01    0.38351E+03
    0.21702E-01    0.38082E+03
    0.22141E-01    0.37794E+03
    0.22588E-01    0.37488E+03
    0.23044E-01    0.37165E+03
    0.23510E-01    0.36823E+03
    0.23985E-01    0.36465E+03
    0.24469E-01    0.36090E+03
    0.24964E-01    0.35699E+03
    0.25468E-01    0.35292E+03
    0.25982E-01    0.34871E+03
    0.26507E-01    0.34435E+03
    0.27043E-01    0.33987E+03
    0.27589E-01    0.33526E+03
    0.28146E-01    0.33054E+03
    0.28715E-01    0.32572E+03
    0.29295E-01    0.32080E+03
    0.29887E-01    0.31581E+03
    0.30490E-01    0.31076E+03
    0.31106E-01    0.30565E+03
    0.31735E-01    0.30049E+03
    0.32376E-01    0.29532E+03
    0.33030E-01    0.29013E+03
    0.33697E-01    0.28494E+03
    0.34378E-01    0.27968E+03
    0.35072E-01    0.27440E+03
    0.35781E-01    0.26916E+03
    0.36504E-01    0.26398E+03
    0.37241E-01    0.25888E+03
    0.37993E-01    0.25386E+03
    0.38761E-01    0.24894E+03
    0.39544E-01    0.24413E+03
    0.40343E-01    0.23945E+03
    0.41158E-01    0.23490E+03
    0.41989E-01    0.23050E+03
    0.42838E-01    0.22625E+03
    0.43703E-01    0.22215E+03
    0.44586E-01    0.21821E+03
    0.45486E-01    0.21443E+03
    0.46405E-01    0.21080E+03
    0.47343E-01    0.20733E+03
    0.48299E-01    0.20400E+03
    0.49275E-01    0.20081E+03
    0.50270E-01    0.19776E+03
    0.51286E-01    0.19482E+03
    0.52322E-01    0.19199E+03
    0.53379E-01    0.18926E+03
    0.54457E-01    0.18661E+03
    0.55557E-01    0.18404E+03
    0.56680E-01    0.18152E+03
    0.57825E-01    0.17904E+03
    0.58993E-01    0.17658E+03
    0.60184E-01    0.17412E+03
    0.61400E-01    0.17163E+03
    0.62641E-01    0.16909E+03
    0.63906E-01    0.16646E+03
    0.65197E-01    0.16373E+03
    0.66514E-01    0.16086E+03
    0.67858E-01    0.15784E+03
    0.69229E-01    0.15467E+03
    0.70627E-01    0.15133E+03
    0.72054E-01    0.14783E+03
    0.73510E-01    0.14418E+03
    0.74994E-01    0.14039E+03
    0.76509E-01    0.13648E+03
    0.78055E-01    0.13245E+03
    0.79632E-01    0.12832E+03
    0.81241E-01    0.12412E+03
    0.82882E-01    0.11987E+03
    0.84556E-01    0.11562E+03
    0.86264E-01    0.11141E+03
    0.88007E-01    0.10728E+03
    0.89785E-01    0.10329E+03
    0.91598E-01    0.99476E+02
    0.93449E-01    0.95889E+02
    0.95337E-01    0.92555E+02
    0.97263E-01    0.89492E+02
    0.99227E-01    0.86708E+02
    0.10123E+00    0.84198E+02
    0.10328E+00    0.81948E+02
    0.10536E+00    0.79937E+02
    0.10749E+00    0.78136E+02
    0.10966E+00    0.76512E+02
    0.11188E+00    0.75029E+02
    0.11414E+00    0.73649E+02
    0.11644E+00    0.72325E+02
    0.11880E+00    0.71007E+02
    0.12120E+00    0.69638E+02
    0.12365E+00    0.68165E+02
    0.12614E+00    0.66546E+02
    0.12869E+00    0.64757E+02
    0.13129E+00    0.62798E+02
    0.13394E+00    0.60683E+02
    0.13665E+00    0.58443E+02
    0.13941E+00    0.56118E+02
    0.14223E+00    0.53755E+02
    0.14510E+00    0.51408E+02
    0.14803E+00    0.49131E+02
    0.15102E+00    0.46976E+02
    0.15407E+00    0.44989E+02
    0.15718E+00    0.43206E+02
    0.16036E+00    0.41646E+02
    0.16360E+00    0.40310E+02
    0.16690E+00    0.39173E+02
    0.17028E+00    0.38193E+02
    0.17371E+00    0.37318E+02
    0.17722E+00    0.36490E+02
    0.18080E+00    0.35648E+02
    0.18446E+00    0.34742E+02
    0.18818E+00    0.33740E+02
    0.19198E+00    0.32628E+02
    0.19586E+00    0.31412E+02
    0.19982E+00    0.30116E+02
    0.20386E+00    0.28784E+02
    0.20797E+00    0.27468E+02
    0.21218E+00    0.26221E+02
    0.21646E+00    0.25087E+02
    0.22083E+00    0.24087E+02
    0.22530E+00    0.23220E+02
    0.22985E+00    0.22474E+02
    0.23449E+00    0.21819E+02
    0.23923E+00    0.21213E+02
    0.24406E+00    0.20603E+02
    0.24899E+00    0.19953E+02
    0.25402E+00    0.19248E+02
    0.25915E+00    0.18492E+02
    0.26439E+00    0.17706E+02
    0.26973E+00    0.16920E+02
    0.27518E+00    0.16173E+02
    0.28074E+00    0.15489E+02
    0.28641E+00    0.14882E+02
    0.29219E+00    0.14346E+02
    0.29810E+00    0.13861E+02
    0.30412E+00    0.13400E+02
    0.31026E+00    0.12938E+02
    0.31653E+00    0.12457E+02
    0.32292E+00    0.11955E+02
    0.32945E+00    0.11448E+02
    0.33610E+00    0.10955E+02
    0.34289E+00    0.10492E+02
    0.34982E+00    0.10069E+02
    0.35689E+00    0.96841E+01
    0.36409E+00    0.93248E+01
    0.37145E+00    0.89767E+01
    0.37895E+00    0.86286E+01
    0.38661E+00    0.82773E+01
    0.39442E+00    0.79286E+01
    0.40239E+00    0.75928E+01
    0.41052E+00    0.72775E+01
    0.41881E+00    0.69837E+01
    0.42727E+00    0.67074E+01
    0.43590E+00    0.64410E+01
    0.44471E+00    0.61795E+01
    0.45369E+00    0.59220E+01
    0.46286E+00    0.56718E+01
    0.47221E+00    0.54333E+01
    0.48174E+00    0.52077E+01
    0.49148E+00    0.49935E+01
    0.50141E+00    0.47875E+01
    0.51153E+00    0.45874E+01
    0.52187E+00    0.43933E+01
    0.53241E+00    0.42066E+01
    0.54317E+00    0.40285E+01
    0.55414E+00    0.38587E+01
    0.56533E+00    0.36958E+01
    0.57675E+00    0.35386E+01
    0.58840E+00    0.33871E+01
    0.60029E+00    0.32418E+01
    0.61242E+00    0.31028E+01
    0.62479E+00    0.29698E+01
    0.63741E+00    0.28420E+01
    0.65029E+00    0.27191E+01
    0.66342E+00    0.26013E+01
    0.67683E+00    0.24884E+01
    0.69050E+00    0.23803E+01
    0.70445E+00    0.22767E+01
    0.71868E+00    0.21772E+01
    0.73320E+00    0.20819E+01
    0.74801E+00    0.19906E+01
    0.76312E+00    0.19031E+01
    0.77854E+00    0.18192E+01
    0.79426E+00    0.17389E+01
    0.81031E+00    0.16620E+01
    0.82668E+00    0.15883E+01
    0.84338E+00    0.15177E+01
    0.86041E+00    0.14501E+01
    0.87780E+00    0.13855E+01
    0.89553E+00    0.13236E+01
    0.91362E+00    0.12643E+01
    0.93208E+00    0.12076E+01
    0.95091E+00    0.11533E+01
    0.97011E+00    0.11014E+01
    0.98971E+00    0.10517E+01
    0.10097E+01    0.10042E+01
    0.10301E+01    0.95876E+00
    0.10509E+01    0.91528E+00
    0.10721E+01    0.87371E+00
    0.10938E+01    0.83394E+00
    0.11159E+01    0.79592E+00
    0.11384E+01    0.75957E+00
    0.11614E+01    0.72483E+00
    0.11849E+01    0.69162E+00
    0.12088E+01    0.65988E+00
    0.12333E+01    0.62954E+00
    0.12582E+01    0.60056E+00
    0.12836E+01    0.57286E+00
    0.13095E+01    0.54640E+00
    0.13360E+01    0.52112E+00
    0.13630E+01    0.49698E+00
    0.13905E+01    0.47392E+00
    0.14186E+01    0.45190E+00
    0.14472E+01    0.43087E+00
    0.14765E+01    0.41079E+00
    0.15063E+01    0.39161E+00
    0.15367E+01    0.37331E+00
    0.15678E+01    0.35583E+00
    0.15994E+01    0.33915E+00
    0.16318E+01    0.32323E+00
    0.16647E+01    0.30803E+00
    0.16984E+01    0.29353E+00
    0.17327E+01    0.27969E+00
    0.17677E+01    0.26649E+00
    0.18034E+01    0.25390E+00
    0.18398E+01    0.24188E+00
    0.18770E+01    0.23042E+00
    0.19149E+01    0.21949E+00
    0.19536E+01    0.20906E+00
    0.19930E+01    0.19911E+00
    0.20333E+01    0.18963E+00
    0.20744E+01    0.18059E+00
    0.21163E+01    0.17196E+00
    0.21590E+01    0.16374E+00
    0.22026E+01    0.15590E+00
    0.22471E+01    0.14843E+00
    0.22925E+01    0.14131E+00
    0.23388E+01    0.13452E+00
    0.23861E+01    0.12806E+00
    0.24343E+01    0.12189E+00
    0.24835E+01    0.11602E+00
    0.25336E+01    0.11042E+00
    0.25848E+01    0.10509E+00
    0.26370E+01    0.10000E+00
    0.26903E+01    0.95161E-01
    0.27447E+01    0.90550E-01
    0.28001E+01    0.86156E-01
    0.28567E+01    0.81971E-01
    0.29144E+01    0.77986E-01
    0.29733E+01    0.74191E-01
    0.30333E+01    0.70577E-01
    0.30946E+01    0.67135E-01
    0.31571E+01    0.63858E-01
    0.32209E+01    0.60737E-01
    0.32860E+01    0.57766E-01
    0.33523E+01    0.54938E-01
    0.34201E+01    0.52245E-01
    0.34892E+01    0.49682E-01
    0.35596E+01    0.47242E-01
    0.36316E+01    0.44920E-01
    0.37049E+01    0.42710E-01
    0.37798E+01    0.40607E-01
    0.38561E+01    0.38606E-01
    0.39340E+01    0.36701E-01
    0.40135E+01    0.34889E-01
    0.40946E+01    0.33165E-01
    0.41773E+01    0.31524E-01
    0.42617E+01    0.29963E-01
    0.43478E+01    0.28478E-01
    0.44356E+01    0.27066E-01
    0.45252E+01    0.25722E-01
    0.46166E+01    0.24445E-01
    0.47099E+01    0.23229E-01
    0.48050E+01    0.22073E-01
    0.49021E+01    0.20974E-01
    0.50011E+01    0.19928E-01
    0.51021E+01    0.18934E-01
    0.52052E+01    0.17989E-01
    0.53104E+01    0.17090E-01
    0.54176E+01    0.16235E-01
    0.55271E+01    0.15423E-01
    0.56387E+01    0.14650E-01
    0.57526E+01    0.13916E-01
    0.58689E+01    0.13218E-01
    0.59874E+01    0.12554E-01
    0.61084E+01    0.11924E-01
    0.62318E+01    0.11324E-01
    0.63577E+01    0.10754E-01
    0.64861E+01    0.10213E-01
    0.66171E+01    0.96983E-02
    0.67508E+01    0.92093E-02
    0.68872E+01    0.87446E-02
    0.70263E+01    0.83030E-02
    0.71682E+01    0.78834E-02
    0.73130E+01    0.74848E-02
    0.74608E+01    0.71061E-02
    0.76115E+01    0.67462E-02
    0.77653E+01    0.64044E-02
    0.79221E+01    0.60796E-02
    0.80822E+01    0.57711E-02
    0.82454E+01    0.54781E-02
    0.84120E+01    0.51998E-02
    0.85819E+01    0.49355E-02
    0.87553E+01    0.46844E-02
    0.89322E+01    0.44459E-02
    0.91126E+01    0.42194E-02
    0.92967E+01    0.40043E-02
    0.94845E+01    0.38001E-02
    0.96761E+01    0.36062E-02
    0.98716E+01    0.34220E-02
    0.10071E+02    0.32471E-02
    0.10274E+02    0.30811E-02
    0.10482E+02    0.29235E-02
    0.10694E+02    0.27738E-02
    0.10910E+02    0.26317E-02
    0.11130E+02    0.24968E-02
    0.11355E+02    0.23688E-02
    0.11584E+02    0.22472E-02
    0.11818E+02    0.21318E-02
    0.12057E+02    0.20223E-02
    0.12301E+02    0.19184E-02
    0.12549E+02    0.18197E-02
    0.12803E+02    0.17261E-02
    0.13061E+02    0.16372E-02
    0.13325E+02    0.15528E-02
    0.13594E+02    0.14728E-02
    0.13869E+02    0.13968E-02
    0.14149E+02    0.13247E-02
    0.14435E+02    0.12563E-02
    0.14727E+02    0.11914E-02
    0.15024E+02    0.11299E-02
    0.15328E+02    0.10714E-02
    0.15637E+02    0.10160E-02
    0.15953E+02    0.96338E-03
    0.16275E+02    0.91348E-03
    0.16604E+02    0.86614E-03
    0.16940E+02    0.82123E-03
    0.17282E+02    0.77863E-03
    0.17631E+02    0.73821E-03
    0.17987E+02    0.69988E-03
    0.18351E+02    0.66351E-03
    0.18721E+02    0.62902E-03
    0.19099E+02    0.59631E-03
    0.19485E+02    0.56528E-03
    0.19879E+02    0.53585E-03
    0.20280E+02    0.50794E-03
    0.20690E+02    0.48147E-03
    0.21108E+02    0.45637E-03
    0.21535E+02    0.43257E-03
    0.21970E+02    0.40999E-03
    0.22413E+02    0.38859E-03
    0.22866E+02    0.36829E-03
    0.23328E+02    0.34904E-03
    0.23799E+02    0.33079E-03
    0.24280E+02    0.31349E-03
    0.24771E+02    0.29708E-03
    0.25271E+02    0.28153E-03
    0.25782E+02    0.26678E-03
    0.26302E+02    0.25280E-03
    0.26834E+02    0.23955E-03
    0.27376E+02    0.22698E-03
    0.27929E+02    0.21507E-03
    0.28493E+02    0.20378E-03
    0.29069E+02    0.19308E-03
    0.29656E+02    0.18293E-03
    0.30255E+02    0.17331E-03
    0.30866E+02    0.16420E-03
    0.31490E+02    0.15556E-03
    0.32126E+02    0.14737E-03
    0.32775E+02    0.13961E-03
    0.33437E+02    0.13225E-03
    0.34112E+02    0.12528E-03
    0.34801E+02    0.11868E-03
    0.35504E+02    0.11241E-03
    0.36222E+02    0.10648E-03
    0.36953E+02    0.10086E-03
    0.37700E+02    0.95531E-04
    0.38462E+02    0.90482E-04
    0.39239E+02    0.85698E-04
    0.40031E+02    0.81165E-04
    0.40840E+02    0.76870E-04
    0.41665E+02    0.72801E-04
    0.42507E+02    0.68945E-04
    0.43365E+02    0.65292E-04
    0.44241E+02    0.61831E-04
    0.45135E+02    0.58552E-04
    0.46047E+02    0.55445E-04
    0.46977E+02    0.52502E-04
    0.47926E+02    0.49714E-04
    0.48894E+02    0.47073E-04
    0.49882E+02    0.44571E-04
    0.50890E+02    0.42201E-04
    0.51918E+02    0.39956E-04
    0.52966E+02    0.37830E-04
    0.54036E+02    0.35815E-04
    0.55128E+02    0.33908E-04
    0.56242E+02    0.32101E-04
    0.57378E+02    0.30389E-04
    0.58537E+02    0.28768E-04
    0.59720E+02    0.27233E-04
    0.60926E+02    0.25779E-04
    0.62157E+02    0.24402E-04
    0.63412E+02    0.23098E-04
    0.64693E+02    0.21863E-04
    0.66000E+02    0.20693E-04
    0.67334E+02    0.19586E-04
    0.68694E+02    0.18537E-04
    0.70082E+02    0.17544E-04
    0.71497E+02    0.16604E-04
    0.72942E+02    0.15714E-04
    0.74415E+02    0.14871E-04
    0.75918E+02    0.14072E-04
    0.77452E+02    0.13317E-04
    0.79017E+02    0.12601E-04
    0.80613E+02    0.11924E-04
    0.82241E+02    0.11282E-04
    0.83903E+02    0.10675E-04
    0.85598E+02    0.10100E-04
    0.87327E+02    0.95558E-05
    0.89091E+02    0.90406E-05
    0.90891E+02    0.85530E-05
    0.92727E+02    0.80913E-05
    0.94600E+02    0.76543E-05
    0.96511E+02    0.72407E-05
    0.98461E+02    0.68491E-05
    0.10045E+03    0.64785E-05
    0.10248E+03    0.61277E-05
    0.10455E+03    0.57957E-05
    0.10666E+03    0.54815E-05
    0.10882E+03    0.51841E-05
    0.11101E+03    0.49027E-05
    0.11326E+03    0.46363E-05
    0.11554E+03    0.43843E-05
    0.11788E+03    0.41457E-05
    0.12026E+03    0.39200E-05
    0.12269E+03    0.37064E-05
    0.12517E+03    0.35043E-05
    0.12770E+03    0.33130E-05
    0.13028E+03    0.31320E-05
    0.13291E+03    0.29608E-05
    0.13559E+03    0.27988E-05
    0.13833E+03    0.26455E-05
    0.14113E+03    0.25005E-05
    0.14398E+03    0.23633E-05
    0.14689E+03    0.22335E-05
    0.14985E+03    0.21108E-05
    0.15288E+03    0.19946E-05
    0.15597E+03    0.18848E-05
    0.15912E+03    0.17808E-05
    0.16233E+03    0.16825E-05
    0.16561E+03    0.15896E-05
    0.16896E+03    0.15016E-05
    0.17237E+03    0.14185E-05
    0.17585E+03    0.13398E-05
    0.17941E+03    0.12654E-05
    0.18303E+03    0.11951E-05
    0.18673E+03    0.11286E-05
    0.19050E+03    0.10657E-05
    0.19435E+03    0.10062E-05
    0.19828E+03    0.95003E-06
    0.20228E+03    0.89687E-06
    0.20637E+03    0.84662E-06
    0.21054E+03    0.79912E-06
    0.21479E+03    0.75421E-06
    0.21913E+03    0.71177E-06
    0.22356E+03    0.67165E-06
    0.22807E+03    0.63373E-06
    0.23268E+03    0.59790E-06
    0.23738E+03    0.56403E-06
    0.24217E+03    0.53203E-06
    0.24707E+03    0.50180E-06
    0.25206E+03    0.47323E-06
    0.25715E+03    0.44624E-06
    0.26234E+03    0.42074E-06
    0.26764E+03    0.39666E-06
    0.27305E+03    0.37391E-06
    0.27857E+03    0.35242E-06
    0.28419E+03    0.33213E-06
    0.28994E+03    0.31297E-06
    0.29579E+03    0.29488E-06
    0.30177E+03    0.27780E-06
    0.30786E+03    0.26168E-06
    0.31408E+03    0.24646E-06
    0.32043E+03    0.23210E-06
    0.32690E+03    0.21855E-06
    0.33351E+03    0.20576E-06
    0.34024E+03    0.19369E-06
    0.34712E+03    0.18230E-06
    0.35413E+03    0.17157E-06
    0.36128E+03    0.16144E-06
    0.36858E+03    0.15189E-06
    0.37603E+03    0.14289E-06
    0.38362E+03    0.13440E-06
    0.39137E+03    0.12640E-06
    0.39928E+03    0.11886E-06
    0.40734E+03    0.11175E-06
    0.41557E+03    0.10506E-06
    0.42397E+03    0.98751E-07
    0.43253E+03    0.92812E-07
    0.44127E+03    0.87220E-07
    0.45019E+03    0.81955E-07
    0.45928E+03    0.76999E-07
    0.46856E+03    0.72335E-07
    0.47802E+03    0.67945E-07
    0.48768E+03    0.63816E-07
    0.49753E+03    0.59932E-07
    0.50758E+03    0.56279E-07
    0.51784E+03    0.52844E-07
    0.52830E+03    0.49615E-07
    0.53897E+03    0.46580E-07
    0.54986E+03    0.43728E-07
    0.56097E+03    0.41048E-07
    0.57230E+03    0.38531E-07
    0.58386E+03    0.36166E-07
    0.59565E+03    0.33946E-07
    0.60769E+03    0.31860E-07
    0.61996E+03    0.29903E-07
    0.63249E+03    0.28066E-07
    0.64526E+03    0.26341E-07
    0.65830E+03    0.24722E-07
    0.67160E+03    0.23204E-07
    0.68516E+03    0.21779E-07
    0.69901E+03    0.20442E-07
    0.71313E+03    0.19188E-07
    0.72753E+03    0.18011E-07
    0.74223E+03    0.16908E-07
    0.75722E+03    0.15873E-07
    0.77252E+03    0.14902E-07
    0.78813E+03    0.13991E-07
    0.80405E+03    0.13136E-07
    0.82029E+03    0.12335E-07
    0.83686E+03    0.11583E-07
    0.85377E+03    0.10877E-07
    0.87101E+03    0.10215E-07
    0.88861E+03    0.95944E-08
    0.90656E+03    0.90115E-08
    0.92488E+03    0.84645E-08
    0.94356E+03    0.79511E-08
    0.96262E+03    0.74692E-08
    0.98207E+03    0.70168E-08
    0.10019E+04    0.65921E-08
