    0.10000E-03    0.34826E+02
    0.10202E-03    0.35500E+02
    0.10408E-03    0.36188E+02
    0.10618E-03    0.36890E+02
    0.10833E-03    0.37604E+02
    0.11052E-03    0.38333E+02
    0.11275E-03    0.39076E+02
    0.11503E-03    0.39833E+02
    0.11735E-03    0.40605E+02
    0.11972E-03    0.41391E+02
    0.12214E-03    0.42193E+02
    0.12461E-03    0.43011E+02
    0.12712E-03    0.43844E+02
    0.12969E-03    0.44693E+02
    0.13231E-03    0.45559E+02
    0.13499E-03    0.46442E+02
    0.13771E-03    0.47341E+02
    0.14049E-03    0.48258E+02
    0.14333E-03    0.49193E+02
    0.14623E-03    0.50146E+02
    0.14918E-03    0.51117E+02
    0.15220E-03    0.52107E+02
    0.15527E-03    0.53116E+02
    0.15841E-03    0.54145E+02
    0.16161E-03    0.55193E+02
    0.16487E-03    0.56262E+02
    0.16820E-03    0.57352E+02
    0.17160E-03    0.58462E+02
    0.17507E-03    0.59594E+02
    0.17860E-03    0.60748E+02
    0.18221E-03    0.61924E+02
    0.18589E-03    0.63123E+02
    0.18965E-03    0.64345E+02
    0.19348E-03    0.65590E+02
    0.19739E-03    0.66860E+02
    0.20138E-03    0.68154E+02
    0.20544E-03    0.69473E+02
    0.20959E-03    0.70817E+02
    0.21383E-03    0.72188E+02
    0.21815E-03    0.73584E+02
    0.22255E-03    0.75008E+02
    0.22705E-03    0.76459E+02
    0.23164E-03    0.77938E+02
    0.23632E-03    0.79446E+02
    0.24109E-03    0.80983E+02
    0.24596E-03    0.82549E+02
    0.25093E-03    0.84145E+02
    0.25600E-03    0.85772E+02
    0.26117E-03    0.87430E+02
    0.26645E-03    0.89121E+02
    0.27183E-03    0.90843E+02
    0.27732E-03    0.92599E+02
    0.28292E-03    0.94389E+02
    0.28864E-03    0.96212E+02
    0.29447E-03    0.98071E+02
    0.30042E-03    0.99966E+02
    0.30649E-03    0.10190E+03
    0.31268E-03    0.10386E+03
    0.31899E-03    0.10587E+03
    0.32544E-03    0.10791E+03
    0.33201E-03    0.11000E+03
    0.33872E-03    0.11212E+03
    0.34556E-03    0.11428E+03
    0.35254E-03    0.11649E+03
    0.35966E-03    0.11873E+03
    0.36693E-03    0.12102E+03
    0.37434E-03    0.12336E+03
    0.38190E-03    0.12574E+03
    0.38962E-03    0.12816E+03
    0.39749E-03    0.13063E+03
    0.40552E-03    0.13314E+03
    0.41371E-03    0.13571E+03
    0.42207E-03    0.13832E+03
    0.43060E-03    0.14098E+03
    0.43929E-03    0.14370E+03
    0.44817E-03    0.14646E+03
    0.45722E-03    0.14928E+03
    0.46646E-03    0.15215E+03
    0.47588E-03    0.15507E+03
    0.48550E-03    0.15805E+03
    0.49530E-03    0.16109E+03
    0.50531E-03    0.16418E+03
    0.51552E-03    0.16733E+03
    0.52593E-03    0.17054E+03
    0.53656E-03    0.17381E+03
    0.54739E-03    0.17714E+03
    0.55845E-03    0.18054E+03
    0.56973E-03    0.18399E+03
    0.58124E-03    0.18752E+03
    0.59299E-03    0.19110E+03
    0.60496E-03    0.19476E+03
    0.61719E-03    0.19848E+03
    0.62965E-03    0.20227E+03
    0.64237E-03    0.20613E+03
    0.65535E-03    0.21007E+03
    0.66859E-03    0.21407E+03
    0.68210E-03    0.21815E+03
    0.69588E-03    0.22231E+03
    0.70993E-03    0.22654E+03
    0.72427E-03    0.23085E+03
    0.73891E-03    0.23523E+03
    0.75383E-03    0.23970E+03
    0.76906E-03    0.24425E+03
    0.78460E-03    0.24888E+03
    0.80045E-03    0.25360E+03
    0.81662E-03    0.25840E+03
    0.83311E-03    0.26328E+03
    0.84994E-03    0.26826E+03
    0.86711E-03    0.27332E+03
    0.88463E-03    0.27848E+03
    0.90250E-03    0.28372E+03
    0.92073E-03    0.28907E+03
    0.93933E-03    0.29450E+03
    0.95831E-03    0.30003E+03
    0.97767E-03    0.30566E+03
    0.99742E-03    0.31139E+03
    0.10176E-02    0.31722E+03
    0.10381E-02    0.32315E+03
    0.10591E-02    0.32918E+03
    0.10805E-02    0.33532E+03
    0.11023E-02    0.34156E+03
    0.11246E-02    0.34792E+03
    0.11473E-02    0.35438E+03
    0.11705E-02    0.36095E+03
    0.11941E-02    0.36763E+03
    0.12182E-02    0.37443E+03
    0.12429E-02    0.38134E+03
    0.12680E-02    0.38837E+03
    0.12936E-02    0.39551E+03
    0.13197E-02    0.40278E+03
    0.13464E-02    0.41016E+03
    0.13736E-02    0.41767E+03
    0.14013E-02    0.42530E+03
    0.14296E-02    0.43305E+03
    0.14585E-02    0.44094E+03
    0.14880E-02    0.44895E+03
    0.15180E-02    0.45708E+03
    0.15487E-02    0.46535E+03
    0.15800E-02    0.47375E+03
    0.16119E-02    0.48228E+03
    0.16445E-02    0.49095E+03
    0.16777E-02    0.49976E+03
    0.17116E-02    0.50869E+03
    0.17462E-02    0.51777E+03
    0.17814E-02    0.52699E+03
    0.18174E-02    0.53635E+03
    0.18541E-02    0.54585E+03
    0.18916E-02    0.55549E+03
    0.19298E-02    0.56528E+03
    0.19688E-02    0.57521E+03
    0.20086E-02    0.58529E+03
    0.20491E-02    0.59551E+03
    0.20905E-02    0.60589E+03
    0.21328E-02    0.61641E+03
    0.21758E-02    0.62708E+03
    0.22198E-02    0.63790E+03
    0.22646E-02    0.64887E+03
    0.23104E-02    0.66000E+03
    0.23571E-02    0.67127E+03
    0.24047E-02    0.68270E+03
    0.24533E-02    0.69428E+03
    0.25028E-02    0.70602E+03
    0.25534E-02    0.71790E+03
    0.26050E-02    0.72994E+03
    0.26576E-02    0.74214E+03
    0.27113E-02    0.75448E+03
    0.27660E-02    0.76698E+03
    0.28219E-02    0.77964E+03
    0.28789E-02    0.79244E+03
    0.29371E-02    0.80540E+03
    0.29964E-02    0.81851E+03
    0.30569E-02    0.83177E+03
    0.31187E-02    0.84518E+03
    0.31817E-02    0.85874E+03
    0.32460E-02    0.87244E+03
    0.33115E-02    0.88629E+03
    0.33784E-02    0.90029E+03
    0.34467E-02    0.91443E+03
    0.35163E-02    0.92871E+03
    0.35874E-02    0.94313E+03
    0.36598E-02    0.95769E+03
    0.37338E-02    0.97239E+03
    0.38092E-02    0.98722E+03
    0.38861E-02    0.10022E+04
    0.39646E-02    0.10173E+04
    0.40447E-02    0.10325E+04
    0.41264E-02    0.10478E+04
    0.42098E-02    0.10632E+04
    0.42948E-02    0.10788E+04
    0.43816E-02    0.10945E+04
    0.44701E-02    0.11103E+04
    0.45604E-02    0.11262E+04
    0.46525E-02    0.11421E+04
    0.47465E-02    0.11582E+04
    0.48424E-02    0.11744E+04
    0.49402E-02    0.11905E+04
    0.50400E-02    0.12067E+04
    0.51419E-02    0.12231E+04
    0.52457E-02    0.12396E+04
    0.53517E-02    0.12561E+04
    0.54598E-02    0.12726E+04
    0.55701E-02    0.12892E+04
    0.56826E-02    0.13059E+04
    0.57974E-02    0.13226E+04
    0.59145E-02    0.13393E+04
    0.60340E-02    0.13560E+04
    0.61559E-02    0.13727E+04
    0.62803E-02    0.13894E+04
    0.64072E-02    0.14061E+04
    0.65366E-02    0.14228E+04
    0.66686E-02    0.14394E+04
    0.68033E-02    0.14560E+04
    0.69408E-02    0.14726E+04
    0.70810E-02    0.14891E+04
    0.72240E-02    0.15055E+04
    0.73700E-02    0.15218E+04
    0.75189E-02    0.15380E+04
    0.76708E-02    0.15542E+04
    0.78257E-02    0.15701E+04
    0.79838E-02    0.15860E+04
    0.81451E-02    0.16017E+04
    0.83096E-02    0.16173E+04
    0.84775E-02    0.16327E+04
    0.86488E-02    0.16479E+04
    0.88235E-02    0.16629E+04
    0.90017E-02    0.16777E+04
    0.91836E-02    0.16922E+04
    0.93691E-02    0.17065E+04
    0.95583E-02    0.17205E+04
    0.97514E-02    0.17343E+04
    0.99484E-02    0.17477E+04
    0.10149E-01    0.17608E+04
    0.10354E-01    0.17736E+04
    0.10564E-01    0.17861E+04
    0.10777E-01    0.17977E+04
    0.10995E-01    0.18086E+04
    0.11217E-01    0.18198E+04
    0.11443E-01    0.18305E+04
    0.11675E-01    0.18408E+04
    0.11910E-01    0.18505E+04
    0.12151E-01    0.18598E+04
    0.12397E-01    0.18686E+04
    0.12647E-01    0.18768E+04
    0.12902E-01    0.18843E+04
    0.13163E-01    0.18918E+04
    0.13429E-01    0.18988E+04
    0.13700E-01    0.19046E+04
    0.13977E-01    0.19099E+04
    0.14259E-01    0.19145E+04
    0.14547E-01    0.19184E+04
    0.14841E-01    0.19216E+04
    0.15141E-01    0.19241E+04
    0.15447E-01    0.19257E+04
    0.15759E-01    0.19264E+04
    0.16077E-01    0.19266E+04
    0.16402E-01    0.19260E+04
    0.16734E-01    0.19246E+04
    0.17072E-01    0.19223E+04
    0.17416E-01    0.19192E+04
    0.17768E-01    0.19153E+04
    0.18127E-01    0.19105E+04
    0.18493E-01    0.19048E+04
    0.18867E-01    0.18982E+04
    0.19248E-01    0.18908E+04
    0.19637E-01    0.18824E+04
    0.20034E-01    0.18731E+04
    0.20438E-01    0.18629E+04
    0.20851E-01    0.18519E+04
    0.21272E-01    0.18399E+04
    0.21702E-01    0.18270E+04
    0.22141E-01    0.18132E+04
    0.22588E-01    0.17986E+04
    0.23044E-01    0.17831E+04
    0.23510E-01    0.17668E+04
    0.23985E-01    0.17496E+04
    0.24469E-01    0.17317E+04
    0.24964E-01    0.17130E+04
    0.25468E-01    0.16935E+04
    0.25982E-01    0.16733E+04
    0.26507E-01    0.16525E+04
    0.27043E-01    0.16310E+04
    0.27589E-01    0.16090E+04
    0.28146E-01    0.15864E+04
    0.28715E-01    0.15633E+04
    0.29295E-01    0.15398E+04
    0.29887E-01    0.15159E+04
    0.30490E-01    0.14917E+04
    0.31106E-01    0.14672E+04
    0.31735E-01    0.14425E+04
    0.32376E-01    0.14177E+04
    0.33030E-01    0.13929E+04
    0.33697E-01    0.13681E+04
    0.34378E-01    0.13429E+04
    0.35072E-01    0.13176E+04
    0.35781E-01    0.12925E+04
    0.36504E-01    0.12678E+04
    0.37241E-01    0.12433E+04
    0.37993E-01    0.12193E+04
    0.38761E-01    0.11957E+04
    0.39544E-01    0.11727E+04
    0.40343E-01    0.11503E+04
    0.41158E-01    0.11286E+04
    0.41989E-01    0.11075E+04
    0.42838E-01    0.10872E+04
    0.43703E-01    0.10676E+04
    0.44586E-01    0.10488E+04
    0.45486E-01    0.10308E+04
    0.46405E-01    0.10134E+04
    0.47343E-01    0.99687E+03
    0.48299E-01    0.98101E+03
    0.49275E-01    0.96581E+03
    0.50270E-01    0.95126E+03
    0.51286E-01    0.93730E+03
    0.52322E-01    0.92383E+03
    0.53379E-01    0.91085E+03
    0.54457E-01    0.89828E+03
    0.55557E-01    0.88607E+03
    0.56680E-01    0.87414E+03
    0.57825E-01    0.86241E+03
    0.58993E-01    0.85078E+03
    0.60184E-01    0.83914E+03
    0.61400E-01    0.82736E+03
    0.62641E-01    0.81532E+03
    0.63906E-01    0.80288E+03
    0.65197E-01    0.78990E+03
    0.66514E-01    0.77629E+03
    0.67858E-01    0.76196E+03
    0.69229E-01    0.74685E+03
    0.70627E-01    0.73095E+03
    0.72054E-01    0.71427E+03
    0.73510E-01    0.69685E+03
    0.74994E-01    0.67872E+03
    0.76509E-01    0.65997E+03
    0.78055E-01    0.64064E+03
    0.79632E-01    0.62084E+03
    0.81241E-01    0.60067E+03
    0.82882E-01    0.58026E+03
    0.84556E-01    0.55981E+03
    0.86264E-01    0.53952E+03
    0.88007E-01    0.51963E+03
    0.89785E-01    0.50040E+03
    0.91598E-01    0.48205E+03
    0.93449E-01    0.46479E+03
    0.95337E-01    0.44875E+03
    0.97263E-01    0.43403E+03
    0.99227E-01    0.42067E+03
    0.10123E+00    0.40865E+03
    0.10328E+00    0.39791E+03
    0.10536E+00    0.38833E+03
    0.10749E+00    0.37978E+03
    0.10966E+00    0.37211E+03
    0.11188E+00    0.36513E+03
    0.11414E+00    0.35866E+03
    0.11644E+00    0.35247E+03
    0.11880E+00    0.34630E+03
    0.12120E+00    0.33989E+03
    0.12365E+00    0.33295E+03
    0.12614E+00    0.32527E+03
    0.12869E+00    0.31675E+03
    0.13129E+00    0.30735E+03
    0.13394E+00    0.29716E+03
    0.13665E+00    0.28633E+03
    0.13941E+00    0.27505E+03
    0.14223E+00    0.26357E+03
    0.14510E+00    0.25214E+03
    0.14803E+00    0.24104E+03
    0.15102E+00    0.23055E+03
    0.15407E+00    0.22088E+03
    0.15718E+00    0.21222E+03
    0.16036E+00    0.20467E+03
    0.16360E+00    0.19825E+03
    0.16690E+00    0.19282E+03
    0.17028E+00    0.18819E+03
    0.17371E+00    0.18408E+03
    0.17722E+00    0.18020E+03
    0.18080E+00    0.17625E+03
    0.18446E+00    0.17197E+03
    0.18818E+00    0.16718E+03
    0.19198E+00    0.16182E+03
    0.19586E+00    0.15591E+03
    0.19982E+00    0.14957E+03
    0.20386E+00    0.14303E+03
    0.20797E+00    0.13655E+03
    0.21218E+00    0.13041E+03
    0.21646E+00    0.12484E+03
    0.22083E+00    0.11995E+03
    0.22530E+00    0.11575E+03
    0.22985E+00    0.11215E+03
    0.23449E+00    0.10903E+03
    0.23923E+00    0.10615E+03
    0.24406E+00    0.10324E+03
    0.24899E+00    0.10012E+03
    0.25402E+00    0.96694E+02
    0.25915E+00    0.92988E+02
    0.26439E+00    0.89106E+02
    0.26973E+00    0.85216E+02
    0.27518E+00    0.81512E+02
    0.28074E+00    0.78137E+02
    0.28641E+00    0.75154E+02
    0.29219E+00    0.72541E+02
    0.29810E+00    0.70192E+02
    0.30412E+00    0.67965E+02
    0.31026E+00    0.65721E+02
    0.31653E+00    0.63365E+02
    0.32292E+00    0.60889E+02
    0.32945E+00    0.58371E+02
    0.33610E+00    0.55918E+02
    0.34289E+00    0.53617E+02
    0.34982E+00    0.51524E+02
    0.35689E+00    0.49630E+02
    0.36409E+00    0.47868E+02
    0.37145E+00    0.46159E+02
    0.37895E+00    0.44440E+02
    0.38661E+00    0.42695E+02
    0.39442E+00    0.40956E+02
    0.40239E+00    0.39279E+02
    0.41052E+00    0.37707E+02
    0.41881E+00    0.36248E+02
    0.42727E+00    0.34877E+02
    0.43590E+00    0.33555E+02
    0.44471E+00    0.32252E+02
    0.45369E+00    0.30964E+02
    0.46286E+00    0.29710E+02
    0.47221E+00    0.28514E+02
    0.48174E+00    0.27385E+02
    0.49148E+00    0.26313E+02
    0.50141E+00    0.25282E+02
    0.51153E+00    0.24277E+02
    0.52187E+00    0.23301E+02
    0.53241E+00    0.22360E+02
    0.54317E+00    0.21463E+02
    0.55414E+00    0.20607E+02
    0.56533E+00    0.19786E+02
    0.57675E+00    0.18992E+02
    0.58840E+00    0.18226E+02
    0.60029E+00    0.17490E+02
    0.61242E+00    0.16786E+02
    0.62479E+00    0.16111E+02
    0.63741E+00    0.15462E+02
    0.65029E+00    0.14837E+02
    0.66342E+00    0.14238E+02
    0.67683E+00    0.13663E+02
    0.69050E+00    0.13111E+02
    0.70445E+00    0.12582E+02
    0.71868E+00    0.12074E+02
    0.73320E+00    0.11586E+02
    0.74801E+00    0.11118E+02
    0.76312E+00    0.10669E+02
    0.77854E+00    0.10238E+02
    0.79426E+00    0.98248E+01
    0.81031E+00    0.94285E+01
    0.82668E+00    0.90484E+01
    0.84338E+00    0.86839E+01
    0.86041E+00    0.83345E+01
    0.87780E+00    0.79995E+01
    0.89553E+00    0.76784E+01
    0.91362E+00    0.73705E+01
    0.93208E+00    0.70755E+01
    0.95091E+00    0.67927E+01
    0.97011E+00    0.65217E+01
    0.98971E+00    0.62620E+01
    0.10097E+01    0.60131E+01
    0.10301E+01    0.57745E+01
    0.10509E+01    0.55460E+01
    0.10721E+01    0.53270E+01
    0.10938E+01    0.51171E+01
    0.11159E+01    0.49161E+01
    0.11384E+01    0.47235E+01
    0.11614E+01    0.45390E+01
    0.11849E+01    0.43623E+01
    0.12088E+01    0.41930E+01
    0.12333E+01    0.40308E+01
    0.12582E+01    0.38755E+01
    0.12836E+01    0.37267E+01
    0.13095E+01    0.35841E+01
    0.13360E+01    0.34476E+01
    0.13630E+01    0.33169E+01
    0.13905E+01    0.31917E+01
    0.14186E+01    0.30717E+01
    0.14472E+01    0.29568E+01
    0.14765E+01    0.28467E+01
    0.15063E+01    0.27413E+01
    0.15367E+01    0.26403E+01
    0.15678E+01    0.25435E+01
    0.15994E+01    0.24508E+01
    0.16318E+01    0.23620E+01
    0.16647E+01    0.22769E+01
    0.16984E+01    0.21954E+01
    0.17327E+01    0.21172E+01
    0.17677E+01    0.20424E+01
    0.18034E+01    0.19706E+01
    0.18398E+01    0.19018E+01
    0.18770E+01    0.18359E+01
    0.19149E+01    0.17728E+01
    0.19536E+01    0.17122E+01
    0.19930E+01    0.16541E+01
    0.20333E+01    0.15984E+01
    0.20744E+01    0.15449E+01
    0.21163E+01    0.14937E+01
    0.21590E+01    0.14445E+01
    0.22026E+01    0.13973E+01
    0.22471E+01    0.13520E+01
    0.22925E+01    0.13086E+01
    0.23388E+01    0.12668E+01
    0.23861E+01    0.12268E+01
    0.24343E+01    0.11883E+01
    0.24835E+01    0.11513E+01
    0.25336E+01    0.11158E+01
    0.25848E+01    0.10817E+01
    0.26370E+01    0.10488E+01
    0.26903E+01    0.10173E+01
    0.27447E+01    0.98690E+00
    0.28001E+01    0.95768E+00
    0.28567E+01    0.92956E+00
    0.29144E+01    0.90250E+00
    0.29733E+01    0.87643E+00
    0.30333E+01    0.85132E+00
    0.30946E+01    0.82712E+00
    0.31571E+01    0.80379E+00
    0.32209E+01    0.78129E+00
    0.32860E+01    0.75958E+00
    0.33523E+01    0.73863E+00
    0.34201E+01    0.71840E+00
    0.34892E+01    0.69886E+00
    0.35596E+01    0.67998E+00
    0.36316E+01    0.66173E+00
    0.37049E+01    0.64409E+00
    0.37798E+01    0.62701E+00
    0.38561E+01    0.61049E+00
    0.39340E+01    0.59448E+00
    0.40135E+01    0.57898E+00
    0.40946E+01    0.56395E+00
    0.41773E+01    0.54937E+00
    0.42617E+01    0.53523E+00
    0.43478E+01    0.52151E+00
    0.44356E+01    0.50819E+00
    0.45252E+01    0.49524E+00
    0.46166E+01    0.48266E+00
    0.47099E+01    0.47042E+00
    0.48050E+01    0.45852E+00
    0.49021E+01    0.44693E+00
    0.50011E+01    0.43565E+00
    0.51021E+01    0.42465E+00
    0.52052E+01    0.41394E+00
    0.53104E+01    0.40349E+00
    0.54176E+01    0.39330E+00
    0.55271E+01    0.38336E+00
    0.56387E+01    0.37365E+00
    0.57526E+01    0.36417E+00
    0.58689E+01    0.35491E+00
    0.59874E+01    0.34585E+00
    0.61084E+01    0.33700E+00
    0.62318E+01    0.32834E+00
    0.63577E+01    0.31987E+00
    0.64861E+01    0.31158E+00
    0.66171E+01    0.30347E+00
    0.67508E+01    0.29552E+00
    0.68872E+01    0.28774E+00
    0.70263E+01    0.28012E+00
    0.71682E+01    0.27265E+00
    0.73130E+01    0.26533E+00
    0.74608E+01    0.25816E+00
    0.76115E+01    0.25113E+00
    0.77653E+01    0.24424E+00
    0.79221E+01    0.23748E+00
    0.80822E+01    0.23086E+00
    0.82454E+01    0.22437E+00
    0.84120E+01    0.21800E+00
    0.85819E+01    0.21176E+00
    0.87553E+01    0.20564E+00
    0.89322E+01    0.19964E+00
    0.91126E+01    0.19376E+00
    0.92967E+01    0.18800E+00
    0.94845E+01    0.18236E+00
    0.96761E+01    0.17682E+00
    0.98716E+01    0.17141E+00
    0.10071E+02    0.16610E+00
    0.10274E+02    0.16090E+00
    0.10482E+02    0.15582E+00
    0.10694E+02    0.15084E+00
    0.10910E+02    0.14597E+00
    0.11130E+02    0.14121E+00
    0.11355E+02    0.13655E+00
    0.11584E+02    0.13200E+00
    0.11818E+02    0.12755E+00
    0.12057E+02    0.12321E+00
    0.12301E+02    0.11897E+00
    0.12549E+02    0.11484E+00
    0.12803E+02    0.11080E+00
    0.13061E+02    0.10687E+00
    0.13325E+02    0.10304E+00
    0.13594E+02    0.99304E-01
    0.13869E+02    0.95669E-01
    0.14149E+02    0.92132E-01
    0.14435E+02    0.88691E-01
    0.14727E+02    0.85347E-01
    0.15024E+02    0.82097E-01
    0.15328E+02    0.78941E-01
    0.15637E+02    0.75878E-01
    0.15953E+02    0.72906E-01
    0.16275E+02    0.70024E-01
    0.16604E+02    0.67232E-01
    0.16940E+02    0.64526E-01
    0.17282E+02    0.61908E-01
    0.17631E+02    0.59374E-01
    0.17987E+02    0.56923E-01
    0.18351E+02    0.54555E-01
    0.18721E+02    0.52267E-01
    0.19099E+02    0.50058E-01
    0.19485E+02    0.47926E-01
    0.19879E+02    0.45869E-01
    0.20280E+02    0.43887E-01
    0.20690E+02    0.41977E-01
    0.21108E+02    0.40137E-01
    0.21535E+02    0.38366E-01
    0.21970E+02    0.36662E-01
    0.22413E+02    0.35024E-01
    0.22866E+02    0.33449E-01
    0.23328E+02    0.31935E-01
    0.23799E+02    0.30482E-01
    0.24280E+02    0.29087E-01
    0.24771E+02    0.27748E-01
    0.25271E+02    0.26465E-01
    0.25782E+02    0.25234E-01
    0.26302E+02    0.24054E-01
    0.26834E+02    0.22924E-01
    0.27376E+02    0.21842E-01
    0.27929E+02    0.20807E-01
    0.28493E+02    0.19816E-01
    0.29069E+02    0.18868E-01
    0.29656E+02    0.17961E-01
    0.30255E+02    0.17095E-01
    0.30866E+02    0.16267E-01
    0.31490E+02    0.15476E-01
    0.32126E+02    0.14721E-01
    0.32775E+02    0.13999E-01
    0.33437E+02    0.13311E-01
    0.34112E+02    0.12655E-01
    0.34801E+02    0.12028E-01
    0.35504E+02    0.11431E-01
    0.36222E+02    0.10861E-01
    0.36953E+02    0.10319E-01
    0.37700E+02    0.98013E-02
    0.38462E+02    0.93085E-02
    0.39239E+02    0.88391E-02
    0.40031E+02    0.83922E-02
    0.40840E+02    0.79667E-02
    0.41665E+02    0.75618E-02
    0.42507E+02    0.71764E-02
    0.43365E+02    0.68097E-02
    0.44241E+02    0.64609E-02
    0.45135E+02    0.61292E-02
    0.46047E+02    0.58138E-02
    0.46977E+02    0.55140E-02
    0.47926E+02    0.52290E-02
    0.48894E+02    0.49582E-02
    0.49882E+02    0.47008E-02
    0.50890E+02    0.44564E-02
    0.51918E+02    0.42242E-02
    0.52966E+02    0.40037E-02
    0.54036E+02    0.37944E-02
    0.55128E+02    0.35956E-02
    0.56242E+02    0.34069E-02
    0.57378E+02    0.32279E-02
    0.58537E+02    0.30580E-02
    0.59720E+02    0.28968E-02
    0.60926E+02    0.27439E-02
    0.62157E+02    0.25988E-02
    0.63412E+02    0.24612E-02
    0.64693E+02    0.23308E-02
    0.66000E+02    0.22071E-02
    0.67334E+02    0.20898E-02
    0.68694E+02    0.19786E-02
    0.70082E+02    0.18732E-02
    0.71497E+02    0.17733E-02
    0.72942E+02    0.16787E-02
    0.74415E+02    0.15890E-02
    0.75918E+02    0.15040E-02
    0.77452E+02    0.14235E-02
    0.79017E+02    0.13472E-02
    0.80613E+02    0.12750E-02
    0.82241E+02    0.12065E-02
    0.83903E+02    0.11417E-02
    0.85598E+02    0.10803E-02
    0.87327E+02    0.10222E-02
    0.89091E+02    0.96717E-03
    0.90891E+02    0.91506E-03
    0.92727E+02    0.86573E-03
    0.94600E+02    0.81902E-03
    0.96511E+02    0.77480E-03
    0.98461E+02    0.73295E-03
    0.10045E+03    0.69334E-03
    0.10248E+03    0.65584E-03
    0.10455E+03    0.62035E-03
    0.10666E+03    0.58677E-03
    0.10882E+03    0.55498E-03
    0.11101E+03    0.52491E-03
    0.11326E+03    0.49645E-03
    0.11554E+03    0.46952E-03
    0.11788E+03    0.44404E-03
    0.12026E+03    0.41993E-03
    0.12269E+03    0.39713E-03
    0.12517E+03    0.37555E-03
    0.12770E+03    0.35514E-03
    0.13028E+03    0.33583E-03
    0.13291E+03    0.31756E-03
    0.13559E+03    0.30028E-03
    0.13833E+03    0.28394E-03
    0.14113E+03    0.26848E-03
    0.14398E+03    0.25386E-03
    0.14689E+03    0.24003E-03
    0.14985E+03    0.22695E-03
    0.15288E+03    0.21458E-03
    0.15597E+03    0.20288E-03
    0.15912E+03    0.19182E-03
    0.16233E+03    0.18135E-03
    0.16561E+03    0.17146E-03
    0.16896E+03    0.16210E-03
    0.17237E+03    0.15325E-03
    0.17585E+03    0.14489E-03
    0.17941E+03    0.13697E-03
    0.18303E+03    0.12949E-03
    0.18673E+03    0.12242E-03
    0.19050E+03    0.11573E-03
    0.19435E+03    0.10941E-03
    0.19828E+03    0.10343E-03
    0.20228E+03    0.97772E-04
    0.20637E+03    0.92426E-04
    0.21054E+03    0.87372E-04
    0.21479E+03    0.82594E-04
    0.21913E+03    0.78076E-04
    0.22356E+03    0.73805E-04
    0.22807E+03    0.69767E-04
    0.23268E+03    0.65949E-04
    0.23738E+03    0.62340E-04
    0.24217E+03    0.58928E-04
    0.24707E+03    0.55703E-04
    0.25206E+03    0.52653E-04
    0.25715E+03    0.49771E-04
    0.26234E+03    0.47045E-04
    0.26764E+03    0.44469E-04
    0.27305E+03    0.42034E-04
    0.27857E+03    0.39732E-04
    0.28419E+03    0.37555E-04
    0.28994E+03    0.35498E-04
    0.29579E+03    0.33553E-04
    0.30177E+03    0.31715E-04
    0.30786E+03    0.29977E-04
    0.31408E+03    0.28335E-04
    0.32043E+03    0.26782E-04
    0.32690E+03    0.25314E-04
    0.33351E+03    0.23927E-04
    0.34024E+03    0.22615E-04
    0.34712E+03    0.21376E-04
    0.35413E+03    0.20204E-04
    0.36128E+03    0.19096E-04
    0.36858E+03    0.18049E-04
    0.37603E+03    0.17060E-04
    0.38362E+03    0.16124E-04
    0.39137E+03    0.15240E-04
    0.39928E+03    0.14405E-04
    0.40734E+03    0.13615E-04
    0.41557E+03    0.12868E-04
    0.42397E+03    0.12162E-04
    0.43253E+03    0.11495E-04
    0.44127E+03    0.10865E-04
    0.45019E+03    0.10269E-04
    0.45928E+03    0.97058E-05
    0.46856E+03    0.91734E-05
    0.47802E+03    0.86702E-05
    0.48768E+03    0.81946E-05
    0.49753E+03    0.77451E-05
    0.50758E+03    0.73202E-05
    0.51784E+03    0.69186E-05
    0.52830E+03    0.65391E-05
    0.53897E+03    0.61803E-05
    0.54986E+03    0.58412E-05
    0.56097E+03    0.55208E-05
    0.57230E+03    0.52179E-05
    0.58386E+03    0.49316E-05
    0.59565E+03    0.46610E-05
    0.60769E+03    0.44052E-05
    0.61996E+03    0.41635E-05
    0.63249E+03    0.39350E-05
    0.64526E+03    0.37191E-05
    0.65830E+03    0.35150E-05
    0.67160E+03    0.33221E-05
    0.68516E+03    0.31398E-05
    0.69901E+03    0.29675E-05
    0.71313E+03    0.28047E-05
    0.72753E+03    0.26508E-05
    0.74223E+03    0.25053E-05
    0.75722E+03    0.23678E-05
    0.77252E+03    0.22378E-05
    0.78813E+03    0.21150E-05
    0.80405E+03    0.19990E-05
    0.82029E+03    0.18892E-05
    0.83686E+03    0.17856E-05
    0.85377E+03    0.16876E-05
    0.87101E+03    0.15949E-05
    0.88861E+03    0.15074E-05
    0.90656E+03    0.14247E-05
    0.92488E+03    0.13465E-05
    0.94356E+03    0.12726E-05
    0.96262E+03    0.12027E-05
    0.98207E+03    0.11367E-05
    0.10019E+04    0.10743E-05
